0.616119270288173;	0.104882155615409;	0.089309772567735;	0.075179656520311;	0.089628707345814;	0.131438912006156;	0.055369804975674;	0.233426626216898;	0.519874844564626;	0.078363187770309;	0.074415030080155;	0.044162295421227;	0.043926019937022;	0.039617747924259;	0.045532178738519;	0.042286177444181;	0.046849508663625;	0.046628412340879;	0.046947260832406;	0.049981515239777;	0.046259206018655;	0.051320638813114;	0.054635023075776;	0.052491241785064;	0.054724197166266;	0.058222065761484;	0.062606394583678;	0.059225509762300;	0.063063050480206;	0.066562941842958;	0.071162577804056;	0.073230522182887;	0.073334813328720;	0.072074331414845;	0.074248397813321;	0.079007633265426;	0.082544726134499;	0.086630677540681;	0.090323855967661;	0.094272612380972;	0.093436549372553;	0.097016368382221;	0.090567760440265;	0.092512501888606;	0.095500621535190;	0.099095876722284;	0.102235839061459;	0.107440537542000;	0.112147428204907;	0.118348956955078;	0.120342680185492;	0.125848078080933;	0.131590699419659;	0.138566060858220;	0.144247465934718;	0.150751304563810;	0.157153276382239;	0.163526164376148;	0.180051472738522;	0.178783418769022;	0.184720677347405;	0.191985422328517;	0.200092533271108;	0.204479602415074;	0.212535615539149;	0.217122406925485;	0.224961062930234;	0.238102119118612;	0.254411907103708;	0.271928674235491;	0.289205065466074;	0.309872413404704;	0.337781079063729;	0.369867132593874;	0.399189538064774;	0.450587031114624;	0.507822918456141;	0.552851624868271;	0.606371540708146;	0.732602603496619
0.630921105406007;	0.119868451805544;	0.102385987180160;	0.086510457300984;	0.104441612986468;	0.144796372601132;	0.064144724303154;	0.240859707188772;	0.528865560003799;	0.086104789201943;	0.080903292004986;	0.051333133419408;	0.051016772848372;	0.046080104441413;	0.052746874773014;	0.049045490260126;	0.054156706746648;	0.053879595768084;	0.054178914613447;	0.057575597881073;	0.053348943265466;	0.058981213932045;	0.062714026495211;	0.060217012499984;	0.062696326042573;	0.066615325094126;	0.071478226673038;	0.067653037034033;	0.071874951556914;	0.075783436310268;	0.080862950926264;	0.083196170572724;	0.083255867240147;	0.081767522848444;	0.084186113193199;	0.089420196431865;	0.093309836405859;	0.097786929171253;	0.101837923367409;	0.106155459118663;	0.105313917121126;	0.109235361133433;	0.102062166016295;	0.104126949607737;	0.107392201453777;	0.111316523314744;	0.114752808542882;	0.120410717955536;	0.125528448376674;	0.132241873697316;	0.134461662286019;	0.140430900549342;	0.146645636562484;	0.154166907399145;	0.160305135248240;	0.167314307198839;	0.174207345588628;	0.181061307371266;	0.186015869313338;	0.184758521742604;	0.190885812019105;	0.198364325422745;	0.206702192774688;	0.211267566074136;	0.219566577794825;	0.224279429004260;	0.232361071228315;	0.245825763322441;	0.262508384678977;	0.280405864376652;	0.298058077085791;	0.319113715583098;	0.347459321980690;	0.379964363291665;	0.409650640028316;	0.461391970717049;	0.518791088454396;	0.563764587765958;	0.617229012717273;	0.750930964800983
0.649330616839535;	0.138741932687941;	0.118117495252720;	0.099770657847407;	0.121344231358909;	0.159134209690422;	0.073713543195573;	0.248813493028223;	0.537765733543585;	0.094071204366766;	0.087508032509650;	0.058509404465294;	0.058008201941179;	0.052386248262256;	0.059666675966245;	0.055468842612415;	0.060995722576323;	0.060594455506706;	0.060795315408522;	0.064442420766488;	0.059705486597299;	0.065757073536455;	0.069784178241662;	0.066910504481115;	0.069526322230357;	0.073729092409985;	0.078912010098815;	0.074650217723738;	0.079103330335377;	0.083268294707155;	0.088644729396986;	0.091111972187610;	0.091052923691729;	0.089301583629257;	0.091826524598314;	0.097330279211275;	0.101392767206147;	0.106063518336603;	0.110279748364198;	0.114763155888519;	0.113829692278931;	0.117890052660306;	0.110115408267448;	0.112158405375462;	0.115509417876100;	0.119548716653124;	0.123074006929308;	0.128913572669319;	0.134175466455965;	0.141084022415763;	0.143321708425067;	0.149443272845050;	0.155807473570344;	0.163511413603967;	0.169771938730974;	0.176921695550526;	0.183936865662861;	0.190896754926162;	0.199126437985567;	0.197744311044681;	0.204120410439946;	0.211881376580279;	0.220519887975911;	0.225266440361109;	0.233855324922960;	0.238597186924652;	0.246920293346677;	0.260747254502485;	0.277849187770060;	0.296140326844972;	0.314142027285905;	0.335536631466888;	0.364274498000218;	0.397113869735869;	0.427037115788637;	0.478975608586608;	0.536293688415334;	0.580861832155573;	0.633957267714375;	0.762762981214779
0.669273930384639;	0.161495820790068;	0.137265562850022;	0.115923600059630;	0.141930557168105;	0.175960960025304;	0.085369970191373;	0.258517578279315;	0.548012984018817;	0.103762404001694;	0.095587736285970;	0.067277183322666;	0.066545875380533;	0.060113048289119;	0.068112491098980;	0.063335190966803;	0.069348612782884;	0.068807992689201;	0.068887853547979;	0.072841872227110;	0.067505095266404;	0.074057539463546;	0.078454141313411;	0.075132920004935;	0.077922061413336;	0.082484436602678;	0.088067739868218;	0.083294429951757;	0.088037227928571;	0.092539527616301;	0.098294514550809;	0.100958837835493;	0.100778270988615;	0.098722428664180;	0.101408500451980;	0.107272469227127;	0.111580234018137;	0.116523621588996;	0.120983134161121;	0.125712711007914;	0.124718833741271;	0.128998895796628;	0.120506818808718;	0.122559451563641;	0.126064833408186;	0.130299030279053;	0.133990945120325;	0.140117278772007;	0.145631588216928;	0.152866903458354;	0.155213878417838;	0.161617127003352;	0.168259906566036;	0.176290819034946;	0.182806070391860;	0.190242374052958;	0.197526620522306;	0.204741392186292;	0.213001978062960;	0.211452562591360;	0.218045890107969;	0.226056135834245;	0.234962932077449;	0.239866562092709;	0.248722498046190;	0.253464143252030;	0.262015863356393;	0.276194541082618;	0.293715060383899;	0.312408166105808;	0.330780049310293;	0.352526301011942;	0.381666978985018;	0.414841967397325;	0.444996390464717;	0.497066438224846;	0.554195330893546;	0.598284781137255;	0.650934665894625;	0.777289961297387
0.692252651694424;	0.189071049543739;	0.160536821968073;	0.135557822524189;	0.166993809434737;	0.195569239936911;	0.099432065260598;	0.270201872377185;	0.559613089843409;	0.115317719746531;	0.105243515084380;	0.077704454459815;	0.076664608121150;	0.069273444311568;	0.078058603479531;	0.072605362466226;	0.079138865797355;	0.078422817229431;	0.078334170640712;	0.082620177533352;	0.076588343937366;	0.083680702107230;	0.088487610559663;	0.084637472522304;	0.087604888081476;	0.092564078857729;	0.098583483603512;	0.093221869061710;	0.098268982427635;	0.103146053140744;	0.109308940943431;	0.112194602587992;	0.111865672247013;	0.109450068939377;	0.112310469448180;	0.118565139016280;	0.123136960337602;	0.128373018754390;	0.133095705750938;	0.138090255443404;	0.137037228361093;	0.141555274399869;	0.132258485315630;	0.134306640918110;	0.137974771842026;	0.142416617502914;	0.146286879591239;	0.152720435165729;	0.158483208486909;	0.166032700139669;	0.168468403976315;	0.175147209983807;	0.182072089529031;	0.190438805286576;	0.197215471164431;	0.204949161025569;	0.212513477250350;	0.219994588903186;	0.228346177221025;	0.226616910748056;	0.233445307286209;	0.241723137093258;	0.250917626868177;	0.255997271829110;	0.265139953708701;	0.269863770516880;	0.278644723234772;	0.293168543564439;	0.311095696899374;	0.330165655438008;	0.348876871962925;	0.370940820658054;	0.400456823164764;	0.433946636533132;	0.464337057296977;	0.516543526603296;	0.573506064065617;	0.617158695590165;	0.669452133183708;	0.791165381997625
0.718479301545508;	0.222467477616451;	0.188815293660616;	0.159446209788404;	0.191058993409078;	0.218478214503041;	0.116422832372043;	0.284295674818745;	0.572768475038303;	0.129123895504413;	0.116807295321289;	0.090149414524073;	0.088682174464032;	0.080152038990419;	0.089766591174753;	0.083503622476427;	0.090568894122570;	0.089623496468198;	0.089298803729260;	0.093931722521771;	0.087093678132250;	0.094754682089985;	0.100007650300308;	0.095533290217398;	0.098675987375481;	0.104064463027546;	0.110548873258719;	0.104513735287089;	0.109870994824706;	0.115155740885291;	0.121748315884945;	0.124876494176772;	0.124366136481953;	0.121528379701206;	0.124572506996038;	0.131242438652120;	0.136092152435221;	0.141635470878856;	0.146636668285190;	0.151910094712577;	0.150799858540267;	0.155569864093998;	0.145380538259244;	0.147404659041947;	0.151239268493334;	0.155896283313553;	0.159951739619277;	0.166705854545738;	0.172729966718204;	0.180608055002788;	0.183138833575951;	0.190103245911914;	0.197317584381904;	0.206028218995178;	0.213070330646623;	0.221106795858309;	0.228953551705844;	0.236700058872389;	0.245169960184813;	0.243223179366994;	0.250272984613852;	0.258800533081399;	0.268263338217152;	0.273502653977160;	0.282918321508369;	0.287590734176390;	0.296595504212458;	0.311463615189280;	0.329806471512558;	0.349266152380117;	0.368332187497155;	0.390698636459837;	0.420549503732214;	0.454272017603751;	0.484777831970050;	0.536911206193101;	0.593416913843647;	0.636355587771006;	0.687976447338523;	0.805787124372274
0.741680088180938;	0.262500293575749;	0.222816258389665;	0.188213686818297;	0.219931391712230;	0.243544046361753;	0.136756809257905;	0.301106168997391;	0.587460874218765;	0.145422486665030;	0.130484348065981;	0.104605016101400;	0.102775607453283;	0.092900277956065;	0.103408845212393;	0.096217861212176;	0.103833250948015;	0.102603670386884;	0.101967584825117;	0.106963163784090;	0.099197456086520;	0.107451560978274;	0.113186982297276;	0.107979026694314;	0.111288826918417;	0.117137595154920;	0.124112088423035;	0.117307339431464;	0.122973641397905;	0.128697280166219;	0.135735910548743;	0.139125226195621;	0.138391912970208;	0.135058788476221;	0.138290936723295;	0.145394078786938;	0.150528890959251;	0.156386564991286;	0.161674291040356;	0.167232377560609;	0.166062664439849;	0.171090160122270;	0.159912840742903;	0.161883419195372;	0.165879184464993;	0.170749158317055;	0.174987000653711;	0.182062900558567;	0.188348563319782;	0.196556853566146;	0.199181897992310;	0.206431106544962;	0.213929771210828;	0.222977915070977;	0.230276178671548;	0.238606576712413;	0.246725222065729;	0.254725637812832;	0.263340525505523;	0.261147310927868;	0.268411956797427;	0.277180353604004;	0.286900270891868;	0.292288978891038;	0.301955501438682;	0.306510344637108;	0.315675929745489;	0.330797752946769;	0.349441496354784;	0.369150117703195;	0.388417098367860;	0.410940550639524;	0.440978371949538;	0.474798403416900;	0.505319003961376;	0.557292558217415;	0.613329201678466;	0.655482694965719;	0.706359645830049;	0.820376892957748
0.766456184724113;	0.310491399661821;	0.263700517114600;	0.222876498264682;	0.254117099833407;	0.272419019775012;	0.160192953812448;	0.321230814933291;	0.603902490289845;	0.164700321752646;	0.146694517230316;	0.121562102681897;	0.119194590629148;	0.107888740311723;	0.119287863369872;	0.111009450599052;	0.119173881265842;	0.117588187988552;	0.116543678253597;	0.121904606750618;	0.113072451959447;	0.121934562109752;	0.128184715209431;	0.122118043975006;	0.125577214992112;	0.131912093360754;	0.139394088834133;	0.131713832440993;	0.137680498044068;	0.143870650023490;	0.151365175137945;	0.155031702024051;	0.154026849209095;	0.150116713531528;	0.153537309406095;	0.161085015103323;	0.166506204925877;	0.172678609808183;	0.178254457910383;	0.184095978741699;	0.182862406312036;	0.188145635693238;	0.175880453293134;	0.177760299237878;	0.181904876875858;	0.186977502010456;	0.191387057434806;	0.198775645317152;	0.205313613467161;	0.213843443079376;	0.216556472948349;	0.224081484073100;	0.231852040558363;	0.241222490890294;	0.248759249320848;	0.257362756918836;	0.265726658560788;	0.273947068396653;	0.282709148442137;	0.280206052693125;	0.287630156434973;	0.296574166985862;	0.306480422462840;	0.311954859034960;	0.321805955601522;	0.326184435894272;	0.335480176232802;	0.350828870294145;	0.369753521579253;	0.389706849371021;	0.409183650568544;	0.431873705027109;	0.462082953061329;	0.495978337617486;	0.526490016409162;	0.578239271246382;	0.633735971065415;	0.675064028230017;	0.725105843892115;	0.835190537593898
0.788871448914031;	0.367649886285113;	0.312547094602089;	0.264385876734825;	0.294696045126908;	0.305380572088565;	0.188037537415112;	0.344213619137288;	0.622159601870254;	0.187435363731215;	0.165813275338312;	0.141337611966435;	0.138223231621886;	0.125132705869012;	0.137712529121455;	0.128171128653270;	0.136849136598449;	0.134805644156600;	0.133233468903391;	0.138964031240157;	0.128909822317614;	0.138373395498840;	0.145163264003528;	0.138092874087218;	0.141681205728948;	0.148523401598595;	0.156522122490787;	0.147850102551451;	0.154095509908338;	0.160773706071428;	0.168725732239517;	0.172680532940425;	0.171346483926720;	0.166769817446060;	0.170374191769266;	0.178369459669397;	0.184071467132977;	0.190551425584507;	0.196409577291233;	0.202525415779986;	0.201220915679914;	0.206750149991798;	0.193294217428850;	0.195040367752524;	0.199315709106176;	0.204574226959610;	0.209138503503470;	0.216821095351653;	0.223592213980820;	0.232422106409944;	0.235206264833941;	0.242981549279003;	0.250992421080750;	0.260648606900873;	0.268388721964964;	0.277227854922430;	0.285801819847935;	0.294211676217599;	0.303118000223398;	0.300279399218304;	0.307858975983478;	0.316980646938951;	0.327080238013306;	0.332657769695741;	0.342703787710080;	0.346896924956893;	0.356330795674022;	0.371900846826818;	0.391089954516808;	0.411264400567693;	0.430923384775490;	0.453746184748215;	0.484073795438158;	0.517983262119670;	0.548428384890745;	0.599861292717278;	0.654730854327223;	0.695079395018753;	0.744156669457310;	0.850120832693831
0.808784455703453;	0.435187195123526;	0.370719824469939;	0.313948728709402;	0.339792767450453;	0.341947683821839;	0.221055230544580;	0.371380549429757;	0.642044175630655;	0.213356269748429;	0.188357653147916;	0.164362462215794;	0.160235439594027;	0.144974320655693;	0.158701527867094;	0.147567323188618;	0.157084531588009;	0.154567719133213;	0.152329822335728;	0.158353847865796;	0.146895715313153;	0.156980599507449;	0.164331482568846;	0.156094711603302;	0.159756799143396;	0.167118413654317;	0.175629916910307;	0.165835295410152;	0.172340024710637;	0.179520250326938;	0.187923060797693;	0.192170954201680;	0.190439965545864;	0.185095766983087;	0.188874217911383;	0.197311296506487;	0.203281840322498;	0.210054925112655;	0.216182116052489;	0.222555844224377;	0.221170618259962;	0.226928484051180;	0.212175807283471;	0.213741777470247;	0.218127072061738;	0.223550685724514;	0.228250169667518;	0.236205169041170;	0.243191168620653;	0.252303142161088;	0.255151133341864;	0.263166275025186;	0.271412219249991;	0.281349259883066;	0.289295098593212;	0.298371679551615;	0.307160116355947;	0.315764640635215;	0.324815514335870;	0.321623969900716;	0.329358076792144;	0.338651089941168;	0.348932891444046;	0.354606041594201;	0.364829332831537;	0.368798911788341;	0.378352624819286;	0.394113307677549;	0.413527538965275;	0.433879917678406;	0.453677190530803;	0.476584546792143;	0.506961336883546;	0.540806991345444;	0.571110515281378;	0.622111826846634;	0.676242397227340;	0.715595599877940;	0.763595365746691;	0.864989550062701
0.825861085175193;	0.502096866253746;	0.439521656736776;	0.372963516598446;	0.392846815241185;	0.383053058598162;	0.259293000554398;	0.403169964968722;	0.663847060584661;	0.243681193060473;	0.213964585831987;	0.191225206434120;	0.185791329431930;	0.167796697007318;	0.182625423880313;	0.169530601712950;	0.179796347590634;	0.176948571192891;	0.173869973143933;	0.180457477302631;	0.167407133565947;	0.177925731682774;	0.185838381003537;	0.176233098733928;	0.180018247087788;	0.187909086261452;	0.196924456758100;	0.185866199478438;	0.192554490859425;	0.200243377098487;	0.209084543381970;	0.213625242765930;	0.211420149373663;	0.205210264005541;	0.209151520629347;	0.218020182229728;	0.224245264105380;	0.231295832655540;	0.237677960747764;	0.244292856651809;	0.242820565693363;	0.248792171573104;	0.232638272000178;	0.233987102849181;	0.238473093764977;	0.244056303871907;	0.248888757374805;	0.257112308073588;	0.264310988991367;	0.273700629684811;	0.276616177149712;	0.284867213858761;	0.293341419471326;	0.303548643833493;	0.311691538451248;	0.320992756033180;	0.329981681063198;	0.338765553411904;	0.347948869233012;	0.344369326551935;	0.352242665352219;	0.361688428874780;	0.372131508187246;	0.377886469766701;	0.388263844682389;	0.391966712633550;	0.401619947681604;	0.417538069837332;	0.437134862820474;	0.457619417473586;	0.477508897762537;	0.500451249428688;	0.530807282950873;	0.564512380749178;	0.594602920964742;	0.645062470170582;	0.698352321417934;	0.736500274526288;	0.783259123568170;	0.879941439840679
0.839937856697429;	0.568981589753916;	0.506674090528152;	0.442906659619341;	0.454182406757250;	0.428717855086502;	0.304378362240659;	0.440041919169335;	0.687400708448707;	0.278442045620130;	0.243922156565932;	0.221477622317046;	0.214429712489029;	0.194250771823182;	0.210131901900455;	0.194612866349060;	0.205372760666417;	0.201878017852081;	0.197783233507054;	0.205065036199127;	0.190133147883870;	0.201749839358068;	0.210260121691898;	0.199102868179324;	0.202591333099203;	0.211001465650304;	0.220483287470211;	0.207993277298656;	0.214969296818277;	0.223170382409143;	0.232433954813244;	0.237265034940348;	0.234500385915895;	0.227288220195371;	0.231382783153286;	0.240673036658328;	0.247141299877470;	0.254456882286268;	0.261083698555602;	0.267930093379036;	0.266373672498251;	0.272551549389061;	0.254886525917408;	0.255981684122341;	0.260561375251643;	0.266295401678465;	0.271252465638167;	0.279732091859257;	0.287131068445258;	0.296782182041697;	0.299758259241443;	0.308229254254274;	0.316914340906446;	0.327370232026406;	0.335692106308950;	0.345196103724766;	0.354363627890019;	0.363304643190115;	0.372597907856370;	0.368588097916092;	0.376579572441907;	0.386153315530396;	0.396729664856283;	0.402545849590419;	0.413044953907030;	0.416428267037697;	0.426152630982023;	0.442184507514870;	0.461907645596960;	0.482464166876196;	0.502383581672424;	0.525294443063234;	0.555536830448992;	0.588998722117803;	0.618776551124788;	0.668547662969337;	0.720858438086314;	0.757880912368238;	0.803270655486212;	0.894536786043702
0.850959113143293;	0.638698738315435;	0.572964417425794;	0.509725841341707;	0.526153575583197;	0.479576705233594;	0.356758072216040;	0.483098156855998;	0.712950226045319;	0.318926386929085;	0.278151409278509;	0.256246237457338;	0.247172279017777;	0.223621575151185;	0.240555349911057;	0.222940146014879;	0.234668733092264;	0.230008175519763;	0.224715642703816;	0.232250143990181;	0.215117455757137;	0.227671435601601;	0.236661007192014;	0.223546135637871;	0.228224282790662;	0.237179093573760;	0.247136193019188;	0.233052497333799;	0.239733364228053;	0.248444630643931;	0.258117865942069;	0.263239567105923;	0.259823276797255;	0.251577205514331;	0.255816264255680;	0.265517285901633;	0.272216020792904;	0.279781353028145;	0.286638766719314;	0.293697633727211;	0.292051737109500;	0.298415117690239;	0.279105112600560;	0.279920980541086;	0.284578017859995;	0.290445886737104;	0.295511854373332;	0.304226712199112;	0.311806032068998;	0.321694402638225;	0.324718670047033;	0.333386817349889;	0.342259038978040;	0.352935225410992;	0.361412240767730;	0.371090764852647;	0.380408921463099;	0.389479122506735;	0.398854683445801;	0.394366056184537;	0.402450079726841;	0.412122718800517;	0.422799723272784;	0.428652932856122;	0.439236287860986;	0.442242677700356;	0.452007426776100;	0.468106487871800;	0.487895539604589;	0.508461725035939;	0.528347614495613;	0.551160785710301;	0.581199620034470;	0.614322187454044;	0.643697489334589;	0.692646359166219;	0.743860201706439;	0.779442282924851;	0.823245347856429;	0.909078221464480
0.859076228018667;	0.714649993638668;	0.642319889642252;	0.575052212978786;	0.591570961178378;	0.536204182722585;	0.418209527001639;	0.533145895613546;	0.740390899995153;	0.365567473207550;	0.317926550133107;	0.295775431431638;	0.284275465990736;	0.256805011807736;	0.274752282328964;	0.253938104720819;	0.266513376733383;	0.261841623897667;	0.255078084702236;	0.263078830421848;	0.243454520873743;	0.256302758143638;	0.265769507692764;	0.250443110804351;	0.255279460859655;	0.264659242177350;	0.274879118951110;	0.258912680045629;	0.267567255016763;	0.276778907130962;	0.286800624664514;	0.292171060624685;	0.287946634537777;	0.278295018540828;	0.282659684395585;	0.292743403049577;	0.299643338089663;	0.307424445032948;	0.314477591416636;	0.321710565656767;	0.319954897515512;	0.326463631302941;	0.305347878520854;	0.305932587923444;	0.310641104175148;	0.316615078279063;	0.321763785687103;	0.330679763495672;	0.338407208899855;	0.348494913172428;	0.351544693850601;	0.360373497450898;	0.369395609490516;	0.380248700417377;	0.388843246157776;	0.398652901114407;	0.408078975441242;	0.417236274942877;	0.426654044743986;	0.421624205532166;	0.429762422669392;	0.439492475315693;	0.450224056040348;	0.456077323544167;	0.466690852538086;	0.469248922063611;	0.479010508089461;	0.495113636239937;	0.514885465779966;	0.535375805517519;	0.555138769140677;	0.577763220345490;	0.607473930940179;	0.640123040032976;	0.668965028759785;	0.716906668665577;	0.766857450543941;	0.801326083822404;	0.843410373074771;	0.922937917862786
0.864406321251143;	0.796019800737462;	0.718900725621809;	0.644276188289726;	0.654263747033311;	0.587577373122396;	0.490321758958367;	0.591486481615631;	0.769940918720798;	0.419703237564736;	0.363803158321862;	0.340934933177364;	0.326459729007112;	0.294470844031427;	0.313409943169340;	0.288981009550306;	0.301968893664244;	0.296380768453726;	0.287953693945966;	0.296967207968983;	0.274365971564432;	0.288888163795680;	0.298826936343762;	0.280815016800050;	0.285516621180495;	0.295338514367700;	0.305820269016129;	0.287760482968462;	0.296458758638907;	0.306035561298009;	0.316392315569605;	0.321940570294205;	0.316751569046085;	0.307500589275221;	0.311915912467531;	0.322288986500978;	0.329312778788615;	0.337232765471167;	0.344403822967975;	0.351737848330477;	0.349828021865027;	0.356413561329571;	0.333322940877504;	0.334042122983955;	0.338773934000708;	0.344821593527559;	0.350022702232038;	0.359097983074969;	0.366936564285231;	0.377180190994689;	0.380231876663414;	0.389180584288005;	0.398312111038008;	0.409294681759460;	0.417967028636091;	0.427862002803814;	0.437352058470038;	0.446554544749329;	0.455973290833806;	0.450341043901650;	0.458498220843820;	0.468248655021332;	0.478993038237336;	0.484814991766861;	0.495408653763601;	0.497454016222176;	0.507177576320805;	0.523231174804694;	0.542910290417566;	0.563251103729015;	0.582813938646442;	0.605170162195434;	0.634448258584908;	0.666515067107207;	0.694722118833144;	0.741505430818025;	0.790068974089713;	0.822894824485358;	0.862969543943365;	0.936487268548476
0.869088852301171;	0.805284746248752;	0.802160019368409;	0.722059128966677;	0.721551197717419;	0.636245336813799;	0.551593593507646;	0.660086421220065;	0.801621340259605;	0.482414676371900;	0.416983837909727;	0.392606427058705;	0.374566819486077;	0.336692588301773;	0.356615116402421;	0.327516771220306;	0.341846989451301;	0.334988902464181;	0.324607877004902;	0.334351121572397;	0.308375016778438;	0.323276957443050;	0.333544175000676;	0.313412237121616;	0.319097412602690;	0.329238806145095;	0.339682680558842;	0.319162735941646;	0.328596969766209;	0.338486618122277;	0.349113399203061;	0.354785015816158;	0.348501081999213;	0.337819460238918;	0.342332375040225;	0.352961745498408;	0.360127902641594;	0.368196309193524;	0.375478465993141;	0.382915226647049;	0.380888261420627;	0.387544214539039;	0.362350836947110;	0.363916581717890;	0.368649022543264;	0.374736563667781;	0.379957173337201;	0.389138902922270;	0.397043354433283;	0.407387389551668;	0.410411441360098;	0.419425807471717;	0.428613091504720;	0.439661265017823;	0.448356276273457;	0.458273272271954;	0.467766092956735;	0.476955568557237;	0.486317937433022;	0.480006477146161;	0.488131847333676;	0.497851101206292;	0.508549337394691;	0.514291439487883;	0.524790785687731;	0.526241428053923;	0.535874182048630;	0.551800436228560;	0.571275711955632;	0.591357221987824;	0.610601935721276;	0.632573575101756;	0.661260638145767;	0.692577765213411;	0.719985850795210;	0.765383794835407;	0.812367112528778;	0.844475140500454;	0.882439619124909;	0.948833672128128
0.873624972812158;	0.813345877572260;	0.810903326906086;	0.808031899579865;	0.798174592747055;	0.686716039393000;	0.612835021117944;	0.712746426808336;	0.836050984253506;	0.556100928092729;	0.478678313524970;	0.452072452338381;	0.429739573553282;	0.384897406616139;	0.405710129856986;	0.371053565543067;	0.385867867999841;	0.377509546416648;	0.364836875204065;	0.375420214255454;	0.345477233470728;	0.361333399603106;	0.371833590830455;	0.349086985194427;	0.354722258600727;	0.365130200259057;	0.376446451457722;	0.353177914744672;	0.363113666805726;	0.373178644979649;	0.384018516737030;	0.389725583359628;	0.382067155518247;	0.370950183422195;	0.375502985078474;	0.386296729436042;	0.393534380345043;	0.401676267136474;	0.408991772054448;	0.416455398035443;	0.414274039388970;	0.420924733035603;	0.393536764606643;	0.395183304824861;	0.399943430475726;	0.406076947893801;	0.411320313875636;	0.420583113895104;	0.428536319762157;	0.438949372523663;	0.441944677209952;	0.450992663215708;	0.460203736560776;	0.471273663287321;	0.479955951715592;	0.489852021051772;	0.499306687558865;	0.508445890292698;	0.517715067761551;	0.510668334390627;	0.518732723979849;	0.528392213575752;	0.539008657251967;	0.544647768694348;	0.555004052235818;	0.555807280411542;	0.565323519135145;	0.581076269741970;	0.600269430889894;	0.620021424768485;	0.638870057974928;	0.660372534825532;	0.688366685175218;	0.718830848791867;	0.745344922746164;	0.789207457843796;	0.834496939145137;	0.864670317089583;	0.900134806103475;	0.960398494562361
0.878225061760382;	0.821081813891913;	0.818832479721003;	0.816440596798286;	0.883782434481859;	0.741156139022573;	0.682023471748623;	0.768074735263539;	0.863779324307419;	0.606750298044199;	0.551106501595166;	0.520373235527006;	0.492852437764620;	0.439669917790953;	0.461275849907878;	0.419822466090692;	0.435665636552837;	0.425068876594450;	0.409735931806547;	0.420686909653788;	0.386193967783668;	0.402511350520746;	0.413080662628530;	0.387115446914084;	0.393498492528171;	0.404028019356338;	0.416042220618506;	0.389633158022691;	0.399976262978061;	0.410117145084792;	0.421122414826454;	0.426791371731508;	0.418624350516661;	0.406094736711685;	0.410695845538655;	0.421585115002986;	0.428875396849692;	0.437063707495086;	0.444372876100410;	0.451831481797650;	0.449510055235606;	0.456118473212339;	0.426224764269022;	0.428541905338583;	0.433289116936680;	0.439414691825556;	0.444628909441333;	0.453894868501433;	0.461829154990281;	0.472230898568537;	0.475151316115069;	0.484154799715216;	0.493312691784908;	0.504314078276126;	0.512908582376105;	0.522695046658231;	0.532027153211896;	0.541035428075852;	0.550131267014698;	0.542248300351155;	0.550182001726215;	0.559707997679892;	0.570160067646626;	0.575626318559399;	0.585738840805449;	0.585804151784560;	0.595129656028568;	0.610599906689042;	0.629367831235647;	0.648644247520986;	0.666947824849432;	0.687845841405954;	0.714947239524302;	0.744349625263024;	0.769769445739906;	0.811835942465212;	0.855209014398604;	0.884547131177842;	0.917535499893766;	0.969961634280063
0.882904267723550;	0.829000129196099;	0.826761534534579;	0.824414386388333;	0.889949649742667;	0.799163599226258;	0.761921324524702;	0.831813380525039;	0.892580418193629;	0.664210082786184;	0.602475215226718;	0.599419203178621;	0.565569467114859;	0.502252596471014;	0.524393929974788;	0.474989384847248;	0.491229496020661;	0.478095002503519;	0.459612676133478;	0.470916855467720;	0.431168273351306;	0.448061338748695;	0.458551596352377;	0.428724226201232;	0.435199510548563;	0.445735410845075;	0.458222427334373;	0.428307710069380;	0.439027160361525;	0.449070125951160;	0.460151406248182;	0.465657191776184;	0.456811718746699;	0.443341842111991;	0.447926342408312;	0.458803609109847;	0.466065805945363;	0.474215419759708;	0.481430006088489;	0.488790841873231;	0.486301649571751;	0.492778027061039;	0.461298399284801;	0.463772255510832;	0.468517248538742;	0.474624052374138;	0.479797526430680;	0.489022865783284;	0.496905532630077;	0.507247453874228;	0.510083325229293;	0.518996458689954;	0.528056339201848;	0.538931914585558;	0.547391730619123;	0.557015468035310;	0.566174853690780;	0.575007102412646;	0.583885789516973;	0.575101826422540;	0.582871107931685;	0.592232078634861;	0.602481930548222;	0.607754789785936;	0.617576489843436;	0.616871678939957;	0.625983946660686;	0.641131894808502;	0.659401574588847;	0.678144103227652;	0.695835391951841;	0.716042798524465;	0.742171368090273;	0.770434307475021;	0.794693066948236;	0.834839413742665;	0.876205178159881;	0.902294391127197;	0.932251208054783;	0.978069914595330
0.887708153171776;	0.836944349013687;	0.834813912868395;	0.832536329768966;	0.895951126253496;	0.810468632168753;	0.851817029094654;	0.906140478156210;	0.923035144523415;	0.729813029640137;	0.661976868049631;	0.658841074887744;	0.616817519886691;	0.571495645917600;	0.593401367966330;	0.536675525350077;	0.553589779155929;	0.537532846558380;	0.515321498854645;	0.526404282628278;	0.480853406920342;	0.497903804038939;	0.508079660801885;	0.473750981895339;	0.480788373270320;	0.491138426968888;	0.503772877794330;	0.469925110421292;	0.480871214657491;	0.490656927492983;	0.501724200318080;	0.506950059494506;	0.497160679604659;	0.482131661349517;	0.486659024199041;	0.497416310684431;	0.504587701042640;	0.512630079051255;	0.519674508886980;	0.526860831590055;	0.524201417332572;	0.530469531039671;	0.497327126119282;	0.500270598348543;	0.504964916490464;	0.510985478632441;	0.516056847429545;	0.525135801182931;	0.532881853590978;	0.543062378910634;	0.545761165451467;	0.554482815713229;	0.563347499423423;	0.573976209466181;	0.582220702783466;	0.591561741054297;	0.600441708928964;	0.608996330969521;	0.617553751616892;	0.607743814182851;	0.615267616543286;	0.624365365150951;	0.634301508061341;	0.639282772535933;	0.648674022129714;	0.647127258545585;	0.655928335702317;	0.670590835555919;	0.688169655661596;	0.706165547504888;	0.723050429821496;	0.742437554112874;	0.767316030124388;	0.794155348413885;	0.816994389234891;	0.854919483742535;	0.894031370496635;	0.920576544848474;	0.947826611791852;	0.984129534687365
0.892584373061494;	0.845086354673976;	0.842965968985671;	0.840717986986506;	0.901858996992871;	0.821600135076242;	0.860787746416083;	0.990352036940088;	0.955079941827774;	0.805825243986168;	0.730076144760464;	0.727530328069246;	0.675779091444256;	0.623828070098246;	0.643466360543757;	0.601909639609974;	0.618089211860111;	0.602903490946525;	0.576114904851662;	0.586701766772074;	0.535614446072324;	0.552721547529824;	0.562297720723044;	0.523061666585509;	0.530151303628161;	0.540119587937409;	0.552575624612356;	0.514526874267768;	0.525606486397613;	0.534919452717721;	0.545844767635915;	0.550637614231604;	0.539672599489207;	0.523185606553986;	0.527576754036185;	0.538070650553136;	0.545050805767950;	0.552880186939920;	0.559645261868423;	0.566547069436417;	0.563688622607110;	0.569643487766890;	0.534578040435919;	0.537755905384952;	0.542368924901135;	0.548248813317664;	0.553168902067736;	0.562002477445672;	0.569535132170338;	0.579458602481035;	0.581978555598421;	0.590413948652680;	0.598992758118103;	0.609259609869901;	0.617214499740350;	0.626160890034131;	0.634663147814055;	0.642847865279795;	0.650990040964321;	0.640037680593196;	0.647246436138892;	0.655996809171475;	0.665523982430522;	0.670136060266838;	0.678981629713454;	0.676572660532410;	0.684988904297888;	0.699039162234785;	0.715775853364157;	0.732868925268732;	0.748810232001555;	0.767281944838554;	0.790724306142045;	0.815959065117394;	0.837228075732899;	0.872747123915898;	0.909481576696642;	0.934372061003923;	0.957949957632902;	0.988944671206483
0.897562043935780;	0.853214217302877;	0.851199895750009;	0.849028708148159;	0.907770284326797;	0.832352376509900;	0.869693198194555;	0.992565886539344;	0.960767140924883;	0.892077223484936;	0.809154811988350;	0.805707776490347;	0.742396142434371;	0.683812570649214;	0.700493513411183;	0.652865338753717;	0.667178626494319;	0.670065420892858;	0.637592218576673;	0.646994726809428;	0.594446145144842;	0.610997570749783;	0.619599684597080;	0.576213055707977;	0.583536507121806;	0.592837531411568;	0.604698236606290;	0.562513821995208;	0.573532814186063;	0.582141230151166;	0.592770405231098;	0.596966008797950;	0.584785483784772;	0.566388317738149;	0.570576862066438;	0.580657983828741;	0.587353278028098;	0.594869159098315;	0.601250125446171;	0.607764928379999;	0.604695159342540;	0.610239245709341;	0.573087565715422;	0.576561819516008;	0.581044616625844;	0.586713179933620;	0.591418496003449;	0.599895880947456;	0.607127009380419;	0.616686888548753;	0.618980294460914;	0.627029320293386;	0.635226967355478;	0.645016225938828;	0.652601634339241;	0.661046267909266;	0.669076344917281;	0.676804182710294;	0.684445644417585;	0.672240007595449;	0.679071453920196;	0.687403777851203;	0.696444245545759;	0.700633659443099;	0.708848794069810;	0.705648037607528;	0.713631761737718;	0.726986104963085;	0.742774254225855;	0.758867089808575;	0.773779543150755;	0.791261867951754;	0.813168933975727;	0.836719276656692;	0.856377016523816;	0.889417103002666;	0.923740967269311;	0.946159013426042;	0.966301589559367;	0.991701017810008
0.902589705751347;	0.861455418569822;	0.859477365989826;	0.857356245210300;	0.913581848530593;	0.842895791944196;	0.878273760093375;	0.994396921394656;	0.966143403166987;	0.900369658800398;	0.899674524583332;	0.895891676530208;	0.818872455379788;	0.751729645804977;	0.764641454314645;	0.710854901699218;	0.722624981914326;	0.724857651332118;	0.685403140947417;	0.694144679640773;	0.652813143235830;	0.668394874722038;	0.675842229507545;	0.632214926152368;	0.639305875004104;	0.647661665826339;	0.658536594115735;	0.613467526526796;	0.624226232928779;	0.631870266367224;	0.642008314670091;	0.645436062527222;	0.632455544520316;	0.611943148506772;	0.615832873050591;	0.625318626091785;	0.631605918893164;	0.638678928444892;	0.644547888001086;	0.650552070946700;	0.647251338666075;	0.652272502178414;	0.613074842100504;	0.616744139585937;	0.621053163785734;	0.626444095578376;	0.630875613529202;	0.638890375648828;	0.645735500551970;	0.654827395486868;	0.656854337290687;	0.664422801518827;	0.672149400949897;	0.681353362234074;	0.688492236750994;	0.696340044399361;	0.703813613493986;	0.711008089858683;	0.718075914339249;	0.704516219339510;	0.710918311291774;	0.718775472739847;	0.727267475945337;	0.731002279694834;	0.738526941992861;	0.734682114623933;	0.742197391771708;	0.754791096111744;	0.769544408549406;	0.784563866901373;	0.798381964591377;	0.814801910957051;	0.835091473209348;	0.856876434575904;	0.874859720661225;	0.905301055118658;	0.937102177351878;	0.956846849263236;	0.973580880985957;	0.993820692965959
0.907677890166254;	0.869659366515018;	0.867772108021311;	0.865728347232350;	0.919336327353068;	0.853105324081091;	0.886633336220765;	0.995857115131913;	0.971016599215039;	0.908375653361071;	0.907774610805460;	0.905332844254327;	0.906785790445764;	0.829462817737647;	0.837555133597227;	0.776003973545464;	0.784691580587873;	0.786910395208981;	0.739205816847378;	0.746917560783115;	0.699983460597792;	0.713960826236679;	0.720775139154669;	0.686579703882628;	0.693299732217480;	0.700597450363738;	0.710297804820311;	0.666033750288158;	0.676247244206597;	0.682720800313351;	0.692139429603526;	0.694690095597620;	0.682367615974549;	0.659326691717701;	0.662823618245045;	0.671529051046370;	0.677285602630908;	0.683786155888067;	0.689023859795963;	0.694403097888119;	0.690879633769979;	0.695281054165864;	0.654460835117226;	0.658263026682780;	0.662343440575961;	0.667381752287471;	0.671474083538296;	0.678915278215910;	0.685284577423248;	0.693797415298095;	0.695519857047536;	0.702512776262648;	0.709676773788808;	0.718188842029384;	0.724801151049877;	0.731963056860278;	0.738799731113974;	0.745387789567734;	0.751814543943872;	0.736798358799330;	0.742720260164837;	0.750045782290955;	0.757929766155219;	0.761187812597036;	0.767973324777043;	0.763834997890112;	0.770845914742403;	0.782612690432962;	0.796243090210123;	0.810108024151322;	0.822754876971753;	0.838021256120816;	0.856586927341760;	0.876497945020799;	0.892722036802301;	0.920432132309394;	0.949593971369717;	0.966544706351896;	0.979905134996188;	0.995392930407985
0.912791880647811;	0.877868918669885;	0.876047462039172;	0.874073312654618;	0.924973508849995;	0.863059045094860;	0.894694106507899;	0.997005726813385;	0.975455747235499;	0.916072350178222;	0.915607204350807;	0.914487730304150;	0.915816425460915;	0.919291246374360;	0.922000423950828;	0.850043366497998;	0.854725159674695;	0.856451966938743;	0.799134252264641;	0.805461710291575;	0.752827870586606;	0.764704147350139;	0.770661457949813;	0.730916277723836;	0.736852092227202;	0.743443078368381;	0.752301062613738;	0.716457096118229;	0.725860233623031;	0.731240139567975;	0.739763168432846;	0.741586391601354;	0.733153808426551;	0.707167305515961;	0.710183060301696;	0.717942578011247;	0.723052644908037;	0.728857496353314;	0.733373010801253;	0.738037966404177;	0.734355326544508;	0.738076628140388;	0.696850155190602;	0.700686387460190;	0.704480395073355;	0.709093354958227;	0.712786669614558;	0.719552090470621;	0.725361864863259;	0.733188611630022;	0.734583506569359;	0.740916959024195;	0.747435909619724;	0.755161593528316;	0.761175597025306;	0.767579815773575;	0.773713891057278;	0.779635658030539;	0.785368962000522;	0.768810085653691;	0.774212457035474;	0.780958712552262;	0.788185597557588;	0.790962682174900;	0.796979101439718;	0.792971961124445;	0.799428248089224;	0.810282120019551;	0.822688997904188;	0.835302058576945;	0.846691731135216;	0.860695194825868;	0.877424253840068;	0.895349859799983;	0.909740969468121;	0.934596255265131;	0.960979097135503;	0.975113791175937;	0.985276959597145;	0.996601770029120
0.917922286689512;	0.886009491534878;	0.884271100485651;	0.882376916311578;	0.930493303613364;	0.872712805795216;	0.902484280608462;	0.997890619162983;	0.979431438458185;	0.923372485045386;	0.923048618036388;	0.923042116816873;	0.924437237428994;	0.928042180728823;	0.930571391597650;	0.936078649570548;	0.936349634541964;	0.938046140461329;	0.866495435348055;	0.870910543016121;	0.811577695448322;	0.820785565029786;	0.825661753590360;	0.780045029632899;	0.784960301545614;	0.790632303823025;	0.798326647396000;	0.758030269874888;	0.766310804137332;	0.771211853222831;	0.778705230355635;	0.780409722264631;	0.781926567774203;	0.752532321947449;	0.755080536771530;	0.761868385802613;	0.766316114715569;	0.771397804377871;	0.775231060668122;	0.779210512688846;	0.775584539712599;	0.778690641486011;	0.739092249695445;	0.742835177958235;	0.746275799374910;	0.750394214668438;	0.753638019449178;	0.759643095332364;	0.764819051251931;	0.771857656631434;	0.772924365773982;	0.778530167873448;	0.784331583666325;	0.791191488219127;	0.796542233267786;	0.802140029006776;	0.807522685469962;	0.812730517480738;	0.817734058872614;	0.799535495162102;	0.804380218367088;	0.810492411555624;	0.817009984208487;	0.819318933341222;	0.824559888351697;	0.821779158048117;	0.827630072057090;	0.837484224481160;	0.848578277577893;	0.859853612781705;	0.869919186605287;	0.882562186458089;	0.897369689810002;	0.913229500817203;	0.925750673913442;	0.947676117717242;	0.971203100884102;	0.982587325577883;	0.989782409904662;	0.997482657599586
0.923044908893182;	0.894064252341926;	0.892406730255618;	0.890594346501742;	0.935866607977192;	0.882080429204308;	0.909983204902217;	0.998556504895320;	0.982963789302729;	0.930311474341540;	0.930087250785477;	0.931073615916167;	0.932481104113987;	0.936302949511180;	0.938635879389149;	0.944132612898101;	0.944327902103792;	0.946085175590807;	0.945516931227237;	0.948051443971063;	0.877428742924673;	0.883196914134047;	0.886629668806542;	0.834212074745988;	0.837848561496568;	0.842393042603747;	0.848604109870848;	0.803657862966687;	0.810519127718983;	0.814794692662341;	0.821022799737173;	0.822555509622935;	0.823610753865154;	0.790255617810060;	0.792459687723302;	0.798445161763529;	0.802323435969752;	0.806755460261381;	0.810118511074488;	0.813587731229275;	0.810445307130065;	0.813166541342822;	0.779285235668826;	0.782808770652890;	0.785865553462750;	0.789478244215772;	0.792287506124755;	0.797527191856210;	0.802060704221103;	0.808270212341826;	0.809084922912641;	0.813966173442423;	0.819040853204183;	0.825024658359045;	0.829705536007829;	0.834521900891267;	0.839169881305618;	0.843675368648166;	0.847973745797227;	0.828136630542197;	0.832439453425496;	0.837910788000831;	0.843718961349440;	0.845635940982572;	0.850163484177757;	0.849301874392514;	0.854491590931371;	0.863255352481104;	0.872972396561069;	0.882847292052144;	0.891559629909930;	0.902742806981529;	0.915588742930961;	0.929343848454273;	0.940021339285015;	0.958983936674077;	0.979519502963771;	0.988445235014280;	0.993250708938987;	0.998188009976822
0.928140374050283;	0.901990965273981;	0.900418581744655;	0.898692336041976;	0.941077466878010;	0.891147924887486;	0.917192109077681;	0.999044051680560;	0.986062406916184;	0.936873586458576;	0.936735882092095;	0.938565027354083;	0.939967842868631;	0.943894527928038;	0.946036346849308;	0.951576482761842;	0.951695112512274;	0.953463536785623;	0.952862557066767;	0.955263807251590;	0.955271316910708;	0.957118344716826;	0.959280314464633;	0.894294708641383;	0.896242935380944;	0.899309316886564;	0.903568090074976;	0.853640880929920;	0.858765573341789;	0.862290017073863;	0.867012856063553;	0.868358230590263;	0.869227504253511;	0.831116008731320;	0.832901729577314;	0.837908248756679;	0.841099621417354;	0.844751359781668;	0.847547147381593;	0.850407383608474;	0.847828162722014;	0.850087447860277;	0.813734553862608;	0.816820705448933;	0.819440991507603;	0.822559085289513;	0.824986369562121;	0.829527103447523;	0.833450443033737;	0.838821514855529;	0.839528670112484;	0.843748005901684;	0.848128613152155;	0.853286072696919;	0.857323004392774;	0.861464774722693;	0.865458792926389;	0.869324745623482;	0.873007253045302;	0.851444975924158;	0.855239449643965;	0.860064629254114;	0.865182296389755;	0.866855482374751;	0.870832331914410;	0.874869624714202;	0.879381991690432;	0.887011189436111;	0.895351172339082;	0.903824969727930;	0.911219669986620;	0.920898014216763;	0.931817239183845;	0.943505129618342;	0.952435471301075;	0.968505142909353;	0.986083932311689;	0.992912722476747;	0.995850333827932;	0.998660175468588
0.933186544136209;	0.909755894035349;	0.908270372157139;	0.906633240757826;	0.946107100821743;	0.899907514640109;	0.924105950925025;	0.999390034000724;	0.988747341501913;	0.943063222708526;	0.942995902562434;	0.945527666776989;	0.946904964802993;	0.950861473366931;	0.952814619083353;	0.958274703170904;	0.958330283065223;	0.960070680339502;	0.959556186594392;	0.961797306654084;	0.961885287108182;	0.963600892228384;	0.965562319764179;	0.965860735119598;	0.966110445149338;	0.967797842341725;	0.969984606970164;	0.908482656471862;	0.911394334531196;	0.913910794781458;	0.916738892762488;	0.917748362406520;	0.918106586558177;	0.875500112054194;	0.876816301568529;	0.880679439344328;	0.883085859574687;	0.885845193556060;	0.888005793767369;	0.890187145266949;	0.888320877483490;	0.890080934778193;	0.850769028689636;	0.853286902025231;	0.855394381865497;	0.857932017146764;	0.859910749971935;	0.863636506488502;	0.866849047431629;	0.871247518825080;	0.871827080268668;	0.875281192728423;	0.878861134296089;	0.883070351939740;	0.886366865176297;	0.889738387263451;	0.892986031561931;	0.896122842685023;	0.899105968514643;	0.875920068190830;	0.879159911309404;	0.883275800631517;	0.887636924422225;	0.889058841223456;	0.892441686829924;	0.895884414380048;	0.899721645198600;	0.906199060986242;	0.913262924351260;	0.920425909583244;	0.926660799073034;	0.934808672110572;	0.943971097237412;	0.953750924867072;	0.961198354388644;	0.974564824086475;	0.989142272545866;	0.994745929345934;	0.997076952503065;	0.999054480490234
0.938161375406751;	0.917323357411049;	0.915926331575299;	0.914380921150075;	0.950939340162212;	0.908346401834946;	0.930721442869573;	0.999626941199621;	0.991042276737327;	0.948881888172700;	0.948873396939243;	0.951969832797997;	0.953303726423379;	0.957221686630396;	0.958990205767975;	0.964286761801689;	0.964290215581644;	0.965971052135316;	0.965513299082516;	0.967581533692392;	0.967812015423301;	0.969381857981526;	0.971141012679266;	0.971507716417754;	0.971747835947776;	0.973249540700860;	0.975227827364079;	0.974811201759812;	0.975243663078165;	0.976943942481057;	0.977710449763448;	0.978777668125041;	0.978783053393327;	0.923300134044270;	0.923958256271154;	0.926375324616322;	0.927759416133767;	0.929375914711273;	0.930691354184941;	0.931981189950135;	0.930794909660844;	0.931859696382276;	0.891040443265589;	0.892881092311396;	0.894430260200655;	0.896334153582910;	0.897838185155334;	0.900663044207435;	0.903099163360944;	0.906417023031214;	0.906912884776822;	0.909537486083370;	0.912248536417255;	0.915419945179463;	0.917924256352966;	0.920473152237251;	0.922927745774150;	0.925292884208383;	0.927543317146782;	0.901500578640567;	0.904111831042096;	0.907425703079474;	0.910934519470115;	0.912064972157907;	0.914778738591062;	0.917585107701196;	0.920658069453078;	0.925853598791621;	0.931513587314201;	0.937242483000453;	0.942217650627455;	0.948719651891747;	0.956015051650637;	0.963788473158804;	0.969691265377407;	0.980282506419271;	0.991812588954039;	0.996211095230716;	0.997991973144867;	0.999208908773251
0.943042269343990;	0.924658890849053;	0.923351316634523;	0.921899548319798;	0.955559426932420;	0.916450475670291;	0.937034562120163;	0.999782666583163;	0.992975417747524;	0.954333076566221;	0.954373880159130;	0.957903064047674;	0.959178056973136;	0.962999061014528;	0.964588101694987;	0.969649597487276;	0.969611632195603;	0.971208477054143;	0.970799665981107;	0.972687381611897;	0.973000796730980;	0.974423568770223;	0.975987411431082;	0.976451694466336;	0.976674107706416;	0.977994510217679;	0.979757332772698;	0.979463604564639;	0.979842193452103;	0.981336847462929;	0.981993458893753;	0.982919873831718;	0.982985648504682;	0.982553508249267;	0.982770101536230;	0.983672075222308;	0.984093711938401;	0.984568737285686;	0.985154755565031;	0.985637306234008;	0.985860861092987;	0.986398172850705;	0.933409988254673;	0.934321110934859;	0.935111417581240;	0.936173879527108;	0.937013323157451;	0.938706878924194;	0.940151419230300;	0.942152473751418;	0.942409841448273;	0.943994332971936;	0.945627898394105;	0.947550457609418;	0.949069334416223;	0.950607372988017;	0.952086526026663;	0.953503204623982;	0.954850799070238;	0.929496245709694;	0.931450544358950;	0.933904199845600;	0.936496854905251;	0.937370276019879;	0.939389823749575;	0.941466535658769;	0.943730502036455;	0.947509837917547;	0.951620607181632;	0.955760948248822;	0.959356515608047;	0.964023123903767;	0.969225543257836;	0.974739876568617;	0.978919243412503;	0.986354714156332;	0.994391781522716;	0.997456070535976;	0.998678423841462;	0.999367773920667
0.947806629465686;	0.931729311586401;	0.930511572686397;	0.929154756642829;	0.959954483742416;	0.924204366393983;	0.943040742596063;	0.999880325849398;	0.994578313488939;	0.959420857171350;	0.959503027430612;	0.963340366868378;	0.964543676627084;	0.968218516448179;	0.969634514914837;	0.974404256457977;	0.974334699445104;	0.975829295173207;	0.975462678830296;	0.977167331054895;	0.977529284330978;	0.978805063814072;	0.980182491761016;	0.980686302363801;	0.980889188034171;	0.982039532250234;	0.983591414671969;	0.983432306745807;	0.983757643175932;	0.985054168175730;	0.985608571456515;	0.986402237646052;	0.986502959802022;	0.986177617770826;	0.986347244206072;	0.987116275029446;	0.987465916510006;	0.987862377874570;	0.988356193761828;	0.988758599035359;	0.988945321958650;	0.989395513039297;	0.988687239038715;	0.988636999431237;	0.988762291774513;	0.989045195969161;	0.989358213337233;	0.989850169110486;	0.990280455933615;	0.990778685863196;	0.991121312910627;	0.991597723298612;	0.992052243946000;	0.992525286183351;	0.992982353625883;	0.993407416936695;	0.993814362681935;	0.994183973281481;	0.994546717385735;	0.956648717188861;	0.957779284777240;	0.959210173516095;	0.960733232116474;	0.961192264147838;	0.962371381710503;	0.963554344493286;	0.964881729818449;	0.967162954048353;	0.969675845290424;	0.972208435836590;	0.974413544449253;	0.977305561888255;	0.980543977584610;	0.983992990878618;	0.986610951542061;	0.991316776708447;	0.996417766218634;	0.998381590965647;	0.999161424642963;	0.999486539650509
0.952432071116143;	0.938503265883355;	0.937375107993904;	0.936113877235296;	0.964113532512459;	0.931592165555418;	0.948734827304623;	0.999938314478326;	0.995884995412353;	0.964149785543704;	0.964266272700094;	0.968296050360547;	0.969417847538139;	0.972906041075006;	0.974156752130150;	0.978591742097867;	0.978499475626466;	0.979878928672419;	0.979550163392694;	0.981073199130663;	0.981456337282699;	0.982587833715501;	0.983789595616425;	0.984299764874202;	0.984481541433403;	0.985473879039793;	0.986823317997346;	0.986748980650103;	0.987026656348219;	0.988138464746398;	0.988602438299275;	0.989274911973322;	0.989393947785663;	0.989173183815457;	0.989304136780246;	0.989950596912018;	0.990237117454457;	0.990564109431875;	0.990975009300011;	0.991307079583289;	0.991461620468709;	0.991834812278414;	0.991293473139446;	0.991265709276066;	0.991363422530915;	0.991593710252461;	0.991849979168332;	0.992253608915779;	0.992605949227508;	0.993013141819731;	0.993292522558395;	0.993679657879339;	0.994047673146871;	0.994428841751717;	0.994796642678694;	0.995136056203873;	0.995459860372043;	0.995752612880298;	0.996038200016865;	0.996124048241999;	0.996375104556816;	0.996591720498986;	0.996812243698092;	0.997005543322794;	0.997234324447028;	0.997258738699404;	0.997431169434954;	0.997606306150694;	0.997839307794719;	0.998028441949388;	0.998233148459264;	0.998437418749347;	0.998620185239292;	0.998788661275833;	0.998943946961454;	0.999130806961463;	0.999261436789837;	0.999446357152243;	0.999572649856277;	0.999659842619372
0.956896809981995;	0.944951865765716;	0.943912392972580;	0.942746688127448;	0.968027701928531;	0.938598491600249;	0.954111297995190;	0.999970606094390;	0.996930913161066;	0.968524725639476;	0.968669022332689;	0.972785717128138;	0.973819064874346;	0.977088414808706;	0.978182876473804;	0.982252976465945;	0.982145894071350;	0.983401856998329;	0.983108052010036;	0.984454144144861;	0.984838179180495;	0.985830258190015;	0.986868220876086;	0.987361257799084;	0.987521331799601;	0.988368467212503;	0.989527284113351;	0.989508711608619;	0.989743490926994;	0.990685310369204;	0.991069565546108;	0.991632677885990;	0.991757906571702;	0.991605431149422;	0.991706476857810;	0.992243835660527;	0.992477164460903;	0.992744894677295;	0.993083529454538;	0.993355496386528;	0.993482817667010;	0.993789347402159;	0.993391775099859;	0.993380774079527;	0.993458255303109;	0.993645266949755;	0.993854034988765;	0.994181997509993;	0.994467563176967;	0.994796174512277;	0.995021569642781;	0.995331678550001;	0.995625082647327;	0.995927119300704;	0.996217868175934;	0.996484013035505;	0.996736815626126;	0.996964183415277;	0.997184537858606;	0.997246632658166;	0.997439710213374;	0.997605267033792;	0.997772935911021;	0.997919565812379;	0.998091641375226;	0.998121296708102;	0.998249994693125;	0.998379332486954;	0.998549825774634;	0.998686953970948;	0.998834202503777;	0.998980094985067;	0.999108234162130;	0.999224960191507;	0.999331301770189;	0.999457277326677;	0.999543761676998;	0.999665188338931;	0.999742341664372;	0.999748424329780
0.961180062526904;	0.951049318375033;	0.950097000408209;	0.949026021881809;	0.971690255758845;	0.945209183505325;	0.959164587839707;	0.999987262225824;	0.997751895449986;	0.972551074880578;	0.972716902633292;	0.976826307791452;	0.977766977523668;	0.980793256191332;	0.981741574167685;	0.985428604270615;	0.985313460142906;	0.986441566787774;	0.986180717350979;	0.987357103775856;	0.987727253699980;	0.988586678852833;	0.989473460028237;	0.989933836969841;	0.990072371795103;	0.990787440647935;	0.991769707883813;	0.991786348790981;	0.991982690203998;	0.992770219688254;	0.993084790282538;	0.993550367728138;	0.993673134137628;	0.993569206587430;	0.993646908494464;	0.994087861665638;	0.994276103025175;	0.994493037054908;	0.994768756513783;	0.994989050493867;	0.995093066576281;	0.995341703956227;	0.995052034340059;	0.995052907962134;	0.995114792327930;	0.995265431737223;	0.995433714157186;	0.995696603053182;	0.995924796358190;	0.996185944607570;	0.996365014359592;	0.996609323582291;	0.996839247428872;	0.997074363499003;	0.997299957766005;	0.997504779563568;	0.997698381694827;	0.997871537196561;	0.998038207321257;	0.998092268595164;	0.998237249802818;	0.998360662312455;	0.998484914275174;	0.998593385825835;	0.998719425929810;	0.998748399187032;	0.998841767302236;	0.998934454016285;	0.999055517371034;	0.999151894148099;	0.999254556615796;	0.999355380215600;	0.999442215248060;	0.999520281870376;	0.999590593376583;	0.999672321266616;	0.999727026028558;	0.999803450360697;	0.999848212977277;	0.999982021576987
0.965262407434950;	0.956773453844915;	0.955906142257758;	0.954928394481902;	0.975096715007835;	0.951412182995420;	0.963889747730645;	0.999995089839158;	0.998383070751874;	0.976234981800882;	0.976416155679282;	0.980436260840838;	0.981282481612179;	0.984049061050424;	0.984862189707260;	0.988158846791524;	0.988041245895429;	0.989040680669354;	0.988811149113076;	0.989827147767448;	0.990173042972965;	0.990908150458377;	0.991656896397072;	0.992074927843432;	0.992192749748552;	0.992788976432802;	0.993610301189772;	0.993647708983198;	0.993809809711084;	0.994459243598111;	0.994713456994000;	0.995093104366239;	0.995207480653917;	0.995138428033565;	0.995197741856157;	0.995554470915762;	0.995704538322402;	0.995878089268046;	0.996099471407992;	0.996275536598338;	0.996359528231710;	0.996558296387266;	0.996351244751323;	0.996359458909692;	0.996408637982809;	0.996528379884802;	0.996662067727572;	0.996869417041898;	0.997048775532725;	0.997252743427466;	0.997392571343582;	0.997581576835367;	0.997758436640699;	0.997938010583705;	0.998109625815717;	0.998264156641303;	0.998409432037515;	0.998538596295347;	0.998662031582534;	0.998706274198260;	0.998812753346490;	0.998902740238169;	0.998992759873788;	0.999071160488218;	0.999161300204289;	0.999186733546764;	0.999252804737102;	0.999317592208411;	0.999401316366712;	0.999467271322829;	0.999536862953996;	0.999604511381093;	0.999661637366231;	0.999712266817527;	0.999757296304108;	0.999808526998082;	0.999841799722855;	0.999887699963799;	0.999911901367774;	0.999982254241819
0.969126319918093;	0.962106437188078;	0.961321380383817;	0.960434670332501;	0.978244883890608;	0.957198093921117;	0.968282915453741;	0.999998366495870;	0.998857857031735;	0.979583687099771;	0.979774146508380;	0.983635682243089;	0.984387903090771;	0.986885267618362;	0.987574817303853;	0.990483487351281;	0.990367959913541;	0.991241019868421;	0.991041200272322;	0.991907798729699;	0.992222601566228;	0.992843002780063;	0.993467221941245;	0.993837640273455;	0.993936075417323;	0.994426647444507;	0.995103604836820;	0.995151524517493;	0.995283421057531;	0.995811116009374;	0.996013667696343;	0.996318673505121;	0.996420980879358;	0.996376802653680;	0.996421588892367;	0.996705775167483;	0.996823767368479;	0.996960628141069;	0.997135686335071;	0.997274327992488;	0.997341243690922;	0.997497665558142;	0.997352801032001;	0.997364879301903;	0.997403640176069;	0.997497419325335;	0.997601946780739;	0.997762683874016;	0.997901190258745;	0.998057589834430;	0.998164783338360;	0.998308208475472;	0.998441587878228;	0.998575989696757;	0.998703826065253;	0.998817968458147;	0.998924632958687;	0.999018867829613;	0.999108240006445;	0.999143128937116;	0.999219497751720;	0.999283563538176;	0.999347199211292;	0.999402457448767;	0.999465260744832;	0.999485954266001;	0.999531449166226;	0.999575492646881;	0.999631723500921;	0.999675534052408;	0.999721256772121;	0.999765183280056;	0.999801526564873;	0.999833232633413;	0.999861053041348;	0.999891903018154;	0.999911163255085;	0.999937112546153;	0.999948733884658;	0.999982458889580
0.972756572482802;	0.967035262083036;	0.966329132318847;	0.965530592825008;	0.981134848990590;	0.962560659592139;	0.972341897537887;	0.999999550042266;	0.999207087863396;	0.982605871155871;	0.982799860567595;	0.986446473782158;	0.987107054396524;	0.989332346217881;	0.989910335256476;	0.992441869218441;	0.992331956148409;	0.993083588641553;	0.992911720767927;	0.993641192796346;	0.993920941665094;	0.994437203280474;	0.994950578821842;	0.995271473464741;	0.995352219553030;	0.995750161710772;	0.996299752192611;	0.996350995658278;	0.996456624716535;	0.996878757144388;	0.997037710381391;	0.997278903993072;	0.997367297216084;	0.997340465665593;	0.997373839355638;	0.997596570518981;	0.997687960397837;	0.997794236152890;	0.997930439450216;	0.998037895658543;	0.998090433263489;	0.998211494734927;	0.998112518049692;	0.998125993464120;	0.998156233270311;	0.998228505300537;	0.998308842776371;	0.998431166546358;	0.998536126130704;	0.998653717724671;	0.998734290503543;	0.998840908163477;	0.998939396224579;	0.999037835130116;	0.999130949444651;	0.999213368822361;	0.999289881650291;	0.999357018600633;	0.999420177373572;	0.999446680770422;	0.999500073514517;	0.999544524923442;	0.999588332897857;	0.999626237592527;	0.999668779273777;	0.999684615550862;	0.999715031477392;	0.999744083299352;	0.999780669034268;	0.999808841782093;	0.999837876151415;	0.999865397831094;	0.999887680350374;	0.999906776057461;	0.999923292626297;	0.999941014609103;	0.999951459931023;	0.999964901090500;	0.999969140584259;	0.999982658653659
0.976140783807553;	0.971552314247242;	0.970921286183634;	0.970207399279967;	0.983768977582462;	0.967497121239500;	0.976066647490091;	0.999999901832654;	0.999458255559566;	0.985311943219776;	0.985504195343533;	0.988892398881717;	0.989465281526718;	0.991421786282895;	0.991900359431531;	0.994072774758368;	0.993971066776406;	0.994608439456736;	0.994462540690233;	0.995068066645925;	0.995311147641165;	0.995734442846620;	0.996150576550215;	0.996422615059657;	0.996487623091783;	0.996805572482209;	0.997244722632607;	0.997294473626727;	0.997377647074439;	0.997709823781261;	0.997832567489509;	0.998020145838532;	0.998094189423158;	0.998079068843391;	0.998103589319412;	0.998275189580931;	0.998344857289283;	0.998426047344038;	0.998530225913163;	0.998612129189656;	0.998652740245433;	0.998744793090518;	0.998678934444906;	0.998692164387118;	0.998715473526310;	0.998770209698322;	0.998830825827297;	0.998922097245818;	0.999000044240757;	0.999086618777319;	0.999145916029492;	0.999223443524099;	0.999294542648748;	0.999364988296914;	0.999431203272395;	0.999489284859498;	0.999542813979276;	0.999589438936204;	0.999632922316975;	0.999652338989710;	0.999688655658164;	0.999718650922645;	0.999747955864999;	0.999773205165060;	0.999801154626539;	0.999812634442939;	0.999832328064854;	0.999850868559185;	0.999873859086805;	0.999891340817574;	0.999909098212143;	0.999925674714469;	0.999938780188903;	0.999949778792724;	0.999959151537674;	0.999968748821428;	0.999973876819514;	0.999979827223209;	0.999979935796366;	0.999982856775259
0.979269719164321;	0.975655683658381;	0.975095561224153;	0.974462279703546;	0.986151873722274;	0.972008428912078;	0.979459604304260;	0.999999982632177;	0.999635066494295;	0.987714275583947;	0.987900180573024;	0.990999014973920;	0.991489407276099;	0.993185912477072;	0.993577054676890;	0.995414146580753;	0.995322373002925;	0.995854405062450;	0.995732276444166;	0.996227545638976;	0.996434241900549;	0.996775957718568;	0.997108113299495;	0.997333893695469;	0.997385222698092;	0.997635215254150;	0.997980311064722;	0.998025587180258;	0.998089925920981;	0.998346838472816;	0.998440017815123;	0.998583359768288;	0.998643636397728;	0.998636105557942;	0.998653858456462;	0.998783707185384;	0.998835933990293;	0.998896903772397;	0.998975166214324;	0.999036493257673;	0.999067363215123;	0.999136055969624;	0.999093525290296;	0.999105516897011;	0.999123232983137;	0.999163914041193;	0.999208747760445;	0.999275423785364;	0.999332067851008;	0.999394385891873;	0.999437046455752;	0.999492102097438;	0.999542198271272;	0.999591369188940;	0.999637257143203;	0.999677128193792;	0.999713582268093;	0.999745082065791;	0.999774186200480;	0.999787901793657;	0.999811879452633;	0.999831517445847;	0.999850518313506;	0.999866810925307;	0.999884572222753;	0.999892479779557;	0.999904793782095;	0.999916203748678;	0.999930108046290;	0.999940535362317;	0.999950951235097;	0.999960505693312;	0.999967854438629;	0.999973863017018;	0.999978909404782;	0.999983697237573;	0.999985765243476;	0.999987454170002;	0.999985375893103;	0.999983053643499
0.982137618882941;	0.979349287675251;	0.978855559936910;	0.978298394323115;	0.988290272521361;	0.976099316413696;	0.982525930783616;	0.999999996396098;	0.999757165404378;	0.989827318397407;	0.990003044447340;	0.992793435015279;	0.993207501663671;	0.994657479663823;	0.994972788625118;	0.996502706084510;	0.996421839040025;	0.996858704564284;	0.996757979047584;	0.997156806746474;	0.997328844819471;	0.997600232750502;	0.997861073202584;	0.998044530310266;	0.998084249385312;	0.998277505090985;	0.998543971644994;	0.998583193560114;	0.998632049687047;	0.998827171388187;	0.998896647893163;	0.999004180260692;	0.999051931508295;	0.999049059955271;	0.999061723399300;	0.999158137034012;	0.999196602735247;	0.999241562788247;	0.999299247131461;	0.999344309547141;	0.999367357425438;	0.999417603033530;	0.999391064880820;	0.999401311224499;	0.999414559218392;	0.999444182800421;	0.999476636546044;	0.999524249767265;	0.999564462329289;	0.999608244689015;	0.999638195288405;	0.999676308684702;	0.999710695242608;	0.999744105112401;	0.999775034321583;	0.999801639332836;	0.999825752219550;	0.999846407724530;	0.999865299960954;	0.999874633814478;	0.999889961247159;	0.999902401957783;	0.999914308802487;	0.999924464762298;	0.999935347985055;	0.999940527693066;	0.999947939759891;	0.999954684108971;	0.999962742516585;	0.999968692625681;	0.999974520598204;	0.999979759568696;	0.999983652121861;	0.999986722271428;	0.999989269696749;	0.999991348874603;	0.999991747469260;	0.999991150309478;	0.999987990967620;	0.999983249313480
0.984742792692953;	0.982642941523114;	0.982210988173538;	0.981725130366690;	0.990192915081272;	0.979778314187296;	0.985273634253201;	0.999999998346126;	0.999840082242669;	0.991667540193216;	0.991830091082888;	0.994303889309941;	0.994648482127556;	0.995869204007227;	0.996119693196892;	0.997373515551395;	0.997303884221404;	0.997656498241278;	0.997574719940470;	0.997890648950158;	0.998030796045343;	0.998242666352991;	0.998443990463319;	0.998589899388822;	0.998619997934607;	0.998766735424656;	0.998968722267217;	0.999001334874006;	0.999037722775061;	0.999183105834876;	0.999233938869673;	0.999313048359050;	0.999349886119560;	0.999349664996416;	0.999358561206737;	0.999428733260986;	0.999456539246787;	0.999489062119500;	0.999530730228746;	0.999563182978785;	0.999580061462196;	0.999616036500013;	0.999600132770237;	0.999608473306024;	0.999618197340620;	0.999639295356354;	0.999662245109467;	0.999695422245797;	0.999723258543437;	0.999753223042728;	0.999773703187236;	0.999799371371206;	0.999822316842623;	0.999844365578099;	0.999864594514880;	0.999881809401898;	0.999897262471322;	0.999910374533129;	0.999922235358980;	0.999928346565756;	0.999937805050911;	0.999945407526932;	0.999952594652082;	0.999958691939785;	0.999965098909589;	0.999968322600283;	0.999972602570838;	0.999976412974586;	0.999980864505477;	0.999984092623573;	0.999987180319687;	0.999989890398370;	0.999991807009286;	0.999993232594815;	0.999994411129567;	0.999995048589777;	0.999994591218594;	0.999992850247060;	0.999989204324237;	0.999983443787793
0.987087193223970;	0.985552089252983;	0.985177384687015;	0.984757773619406;	0.991870395102117;	0.983057670532024;	0.987713519451174;	0.999999998729448;	0.999895560863167;	0.993253188357722;	0.993400411844746;	0.995559234976967;	0.995841641115972;	0.996853217772426;	0.997049156090313;	0.998059517108723;	0.998000929914885;	0.998280453967929;	0.998215162595233;	0.998461104364294;	0.998572812134195;	0.998735256199521;	0.998887816874210;	0.999001357293744;	0.999023670485359;	0.999132991744723;	0.999283147033242;	0.999309298128157;	0.999335858607351;	0.999442014405161;	0.999478471572295;	0.999535483563729;	0.999563163980960;	0.999564274631145;	0.999570427893977;	0.999620433766890;	0.999640140600363;	0.999663191020365;	0.999692651162015;	0.999715526626430;	0.999727632433961;	0.999752806408469;	0.999743731397750;	0.999750234687469;	0.999757222850772;	0.999771890211028;	0.999787712110439;	0.999810225626697;	0.999828975207225;	0.999848908875543;	0.999862519723655;	0.999879298382791;	0.999894147326546;	0.999908244523805;	0.999921049622096;	0.999931821110163;	0.999941388692418;	0.999949422417727;	0.999956601572727;	0.999960444731752;	0.999966060540015;	0.999970526273298;	0.999974688664574;	0.999978203374534;	0.999981812031085;	0.999983714456158;	0.999986076947282;	0.999988121692234;	0.999990448672515;	0.999992099173521;	0.999993630616689;	0.999994935393735;	0.999995782806828;	0.999996339307918;	0.999996811666127;	0.999996730291251;	0.999995865947575;	0.999993601402571;	0.999989768686572;	0.999983637057844
0.989176514995533;	0.988097283474420;	0.987775219211120;	0.987416493435996;	0.993334938389461;	0.985953089357123;	0.989859007565093;	0.999999998885015;	0.999932091057948;	0.994603962738510;	0.994734530755850;	0.996588406653972;	0.996816107626467;	0.997640523045211;	0.997791308554111;	0.998591127229899;	0.998542975092524;	0.998760392771652;	0.998709186510160;	0.998897145628973;	0.998984219858991;	0.999106417233622;	0.999219795120132;	0.999306186367747;	0.999322354169763;	0.999402176157749;	0.999511525285433;	0.999531804749969;	0.999550785977543;	0.999626661254651;	0.999652264577979;	0.999692464433599;	0.999712720208855;	0.999714345903149;	0.999718536091543;	0.999753382491915;	0.999767058717078;	0.999783043568336;	0.999803401665658;	0.999819159520479;	0.999827648926359;	0.999844835773342;	0.999839970463341;	0.999844841068942;	0.999849744676180;	0.999859676148351;	0.999870285938935;	0.999885131106003;	0.999897390878248;	0.999910248660161;	0.999919019813826;	0.999929637814379;	0.999938932178307;	0.999947639014838;	0.999955460944359;	0.999961957617474;	0.999967661748061;	0.999972396379427;	0.999976570477275;	0.999978888029011;	0.999982083952735;	0.999984595332572;	0.999986897449355;	0.999988837289945;	0.999990772553262;	0.999991834130542;	0.999993077080979;	0.999994110056721;	0.999995248759665;	0.999996032623278;	0.999996728938518;	0.999997298131640;	0.999997602051864;	0.999997728537162;	0.999997860828440;	0.999997448068194;	0.999996408782163;	0.999993934318144;	0.999990055425091;	0.999983829109319
0.991020352623226;	0.990302395079717;	0.990028157246836;	0.989724710215291;	0.994600169468189;	0.988483457923935;	0.991725891604697;	0.999999998982748;	0.999955676098946;	0.995740639186175;	0.995853992532690;	0.997419866534891;	0.997600313791432;	0.998260489094820;	0.998374544738009;	0.998995912779344;	0.998957276021538;	0.999123038971135;	0.999083630742757;	0.999224497452098;	0.999290819479857;	0.999380916164321;	0.999463444765405;	0.999527671826456;	0.999539109325543;	0.999596160222687;	0.999674079550191;	0.999689310336146;	0.999702579359011;	0.999755601331037;	0.999773188102841;	0.999800885319093;	0.999815314803994;	0.999816987245948;	0.999819795705450;	0.999843508283884;	0.999852789634460;	0.999863619327202;	0.999877347415958;	0.999887936566128;	0.999893746448554;	0.999905172291241;	0.999902777850174;	0.999906285356810;	0.999909635368720;	0.999916169155163;	0.999923071441790;	0.999932560132027;	0.999940321553723;	0.999948340663662;	0.999953808149080;	0.999960294516197;	0.999965904574451;	0.999971082009081;	0.999975677213318;	0.999979440210770;	0.999982702620794;	0.999985376022793;	0.999987697230234;	0.999989036164991;	0.999990772150055;	0.999992118193767;	0.999993327179479;	0.999994350862232;	0.999995333597235;	0.999995892089524;	0.999996515057714;	0.999996999316850;	0.999997511030106;	0.999997846828487;	0.999998122932452;	0.999998332447151;	0.999998379317727;	0.999998308877847;	0.999998290072547;	0.999997739282326;	0.999996636250370;	0.999994098201557;	0.999990233674414;	0.999984019923913
0.992631052152102;	0.992192760798437;	0.991961418602377;	0.991707504700603;	0.995680858110602;	0.990670514278655;	0.993332043836644;	0.999999999053373;	0.999970562445218;	0.996684639824915;	0.996780916052011;	0.998081086406157;	0.998221483886769;	0.998740412161654;	0.998825133735281;	0.999298373071037;	0.999268134958614;	0.999391873106084;	0.999362148706766;	0.999465555172297;	0.999514872158174;	0.999579913413427;	0.999638675462346;	0.999685290930913;	0.999693181834368;	0.999733045076145;	0.999787306458928;	0.999798394028269;	0.999807459891219;	0.999843637714485;	0.999855440023079;	0.999874060534542;	0.999884060251021;	0.999885542955112;	0.999887395087242;	0.999903128805294;	0.999909278994975;	0.999916434755061;	0.999925452268856;	0.999932379908446;	0.999936251854579;	0.999943632105820;	0.999942601352996;	0.999945029896869;	0.999947251132749;	0.999951416249182;	0.999955759727140;	0.999961623305006;	0.999966366857895;	0.999971187307866;	0.999974476029050;	0.999978288922689;	0.999981543543366;	0.999984496176306;	0.999987082615085;	0.999989166599447;	0.999990948802538;	0.999992388498741;	0.999993616797326;	0.999994358999127;	0.999995255043869;	0.999995939327892;	0.999996537774254;	0.999997055747975;	0.999997525385769;	0.999997801998833;	0.999998101420644;	0.999998306085144;	0.999998508154944;	0.999998627799602;	0.999998707555417;	0.999998754486094;	0.999998689740005;	0.999998537317043;	0.999998457628490;	0.999997857680703;	0.999996739802761;	0.999994200241361;	0.999990373313042;	0.999984209480350
0.994022764444500;	0.993794591703935;	0.993601242134731;	0.993391124812305;	0.996592643678520;	0.992538435161204;	0.994697072953122;	0.999999999105886;	0.999979734073840;	0.997457602813794;	0.997537525936598;	0.998598072497325;	0.998705196027136;	0.999105163822719;	0.999166915670991;	0.999519845004459;	0.999496793628717;	0.999587119523047;	0.999565176152779;	0.999639433681154;	0.999675199429643;	0.999721124775007;	0.999761994949333;	0.999794994487955;	0.999800299062601;	0.999827492659448;	0.999864374049741;	0.999872199838084;	0.999878248677386;	0.999902318959233;	0.999910048561865;	0.999922244779620;	0.999928980871092;	0.999930182714897;	0.999931383349786;	0.999941546094565;	0.999945518526078;	0.999950120819369;	0.999955879427658;	0.999960281648461;	0.999962788721344;	0.999967409067547;	0.999967071174435;	0.999968686386488;	0.999970111086487;	0.999972676255351;	0.999975311306195;	0.999978804782042;	0.999981594708205;	0.999984377531570;	0.999986282570677;	0.999988432035137;	0.999990240375828;	0.999991847887579;	0.999993236730546;	0.999994334333377;	0.999995259550179;	0.999995995102969;	0.999996609725471;	0.999997007445274;	0.999997445152719;	0.999997773589567;	0.999998049901178;	0.999998304644319;	0.999998514521291;	0.999998644042933;	0.999998785540426;	0.999998857541886;	0.999998917864904;	0.999998941258150;	0.999998936884134;	0.999998916805400;	0.999998808518935;	0.999998626151519;	0.999998524926854;	0.999997912951126;	0.999996799628862;	0.999994281811234;	0.999990500143128;	0.999984397755119
0.995211128076265;	0.995134830139484;	0.994974709600309;	0.994802790376120;	0.997351738960457;	0.994113354763952;	0.995841913200872;	0.999999999145039;	0.999985247815476;	0.998080940596392;	0.998145700228832;	0.998994956109827;	0.999075017921519;	0.999376960186239;	0.999421101102950;	0.999678529232298;	0.999661439492231;	0.999725837985439;	0.999710005662684;	0.999762106800851;	0.999787375637374;	0.999819063732639;	0.999846790776188;	0.999869556120584;	0.999873028176215;	0.999891114992045;	0.999915552620246;	0.999920907830775;	0.999924846800154;	0.999940442020009;	0.999945377170144;	0.999953147363748;	0.999957554107232;	0.999958467416193;	0.999959231002057;	0.999965610341713;	0.999968106418977;	0.999970981045361;	0.999974548645921;	0.999977258658432;	0.999978832052937;	0.999981627999748;	0.999981601132063;	0.999982631528124;	0.999983512335488;	0.999985033809348;	0.999986569141692;	0.999988570609776;	0.999990144490399;	0.999991681028771;	0.999992742991298;	0.999993901136785;	0.999994860047204;	0.999995690882692;	0.999996399042260;	0.999996945018035;	0.999997398738825;	0.999997753075277;	0.999998041516133;	0.999998251886091;	0.999998453859083;	0.999998602298718;	0.999998719193454;	0.999998845625435;	0.999998932887300;	0.999998991409433;	0.999999061401793;	0.999999075427811;	0.999999076322312;	0.999999060704532;	0.999999023858009;	0.999998979102227;	0.999998856265511;	0.999998665277098;	0.999998557947550;	0.999997947723639;	0.999996845663189;	0.999994357020240;	0.999990622585241;	0.999984584723031
0.996212972900133;	0.996240810106343;	0.996109385168153;	0.995970316607127;	0.997974617221574;	0.995422821680141;	0.996788395933844;	0.999999999174286;	0.999988486257915;	0.998575432009028;	0.998626558694003;	0.999293684868540;	0.999352234748764;	0.999575237718154;	0.999606173445685;	0.999789609859720;	0.999777311483064;	0.999822099777585;	0.999810951821994;	0.999846625382759;	0.999863998153236;	0.999885348556083;	0.999903670339870;	0.999918964008193;	0.999921176157198;	0.999932890284831;	0.999948657490362;	0.999952210025358;	0.999954712844571;	0.999964540069437;	0.999967609278637;	0.999972416145104;	0.999975213262619;	0.999975872466424;	0.999976347233402;	0.999980232019046;	0.999981754301731;	0.999983493344019;	0.999985632676778;	0.999987243871060;	0.999988198754827;	0.999989829490766;	0.999989913432991;	0.999990542881521;	0.999991065917343;	0.999991932267682;	0.999992787711606;	0.999993888189096;	0.999994737125486;	0.999995544781344;	0.999996115961024;	0.999996710743899;	0.999997194646771;	0.999997599284372;	0.999997940486024;	0.999998194384234;	0.999998402990797;	0.999998562732738;	0.999998688108788;	0.999998802988981;	0.999998891479784;	0.999998954899654;	0.999998998395086;	0.999999066658247;	0.999999100418334;	0.999999127462881;	0.999999167638321;	0.999999158642100;	0.999999137060557;	0.999999107336892;	0.999999059545413;	0.999999006989740;	0.999998880640579;	0.999998688763310;	0.999998580627119;	0.999997976526878;	0.999996887662101;	0.999994430061869;	0.999990743022912;	0.999984770357662
0.997045993665886;	0.997139845188035;	0.997032890131326;	0.996921677384351;	0.998477701201870;	0.996495223728521;	0.997558798075121;	0.999999999196391;	0.999990352475861;	0.998960838975930;	0.999000081392529;	0.999513806041269;	0.999555667145157;	0.999716629042801;	0.999737892559056;	0.999865456268850;	0.999856885368349;	0.999887237819726;	0.999879589114333;	0.999903400329477;	0.999915012000996;	0.999929054373233;	0.999940831244636;	0.999950832076706;	0.999952204904429;	0.999959584520146;	0.999969482082849;	0.999971766639659;	0.999973318762062;	0.999979335618222;	0.999981193854330;	0.999984076085782;	0.999985797288030;	0.999986252744562;	0.999986539519909;	0.999988830740161;	0.999989729360807;	0.999990744996902;	0.999991983893758;	0.999992905640481;	0.999993465124028;	0.999994379172688;	0.999994480827674;	0.999994848565764;	0.999995145954220;	0.999995618281714;	0.999996071779418;	0.999996652420514;	0.999997089254073;	0.999997491148707;	0.999997790594536;	0.999998081536836;	0.999998313785169;	0.999998497338037;	0.999998651941796;	0.999998760286331;	0.999998849221166;	0.999998915904233;	0.999998965125301;	0.999999034591473;	0.999999072303812;	0.999999098489490;	0.999999110797532;	0.999999154629410;	0.999999166965964;	0.999999181239501;	0.999999209965832;	0.999999192810888;	0.999999163731764;	0.999999129628383;	0.999999078862442;	0.999999024427957;	0.999998898212058;	0.999998707842074;	0.999998600447052;	0.999998003604917;	0.999996928350104;	0.999994502007356;	0.999990862040068;	0.999984954631726
0.997728406633887;	0.997858797328113;	0.997772445181977;	0.997684507707172;	0.998877057677979;	0.997359180584619;	0.998175372207418;	0.999999999213628;	0.999991418131768;	0.999255573952547;	0.999284780774007;	0.999672345708133;	0.999701591809805;	0.999815034572933;	0.999829385770080;	0.999915892365990;	0.999910123856918;	0.999930149890755;	0.999925043642611;	0.999940526496136;	0.999948066263497;	0.999957085731048;	0.999964441520383;	0.999970808645203;	0.999971640019623;	0.999976158886844;	0.999982201915908;	0.999983626476883;	0.999984566980433;	0.999988144706957;	0.999989240007556;	0.999990911921957;	0.999991938168300;	0.999992241105646;	0.999992407517328;	0.999993714588610;	0.999994226297349;	0.999994796493919;	0.999995487943906;	0.999995993038896;	0.999996309568902;	0.999996800611186;	0.999996885011542;	0.999997090501556;	0.999997252126622;	0.999997498402575;	0.999997725772647;	0.999998021064160;	0.999998235529691;	0.999998423422995;	0.999998580411411;	0.999998716575977;	0.999998823131789;	0.999998898846994;	0.999998964434685;	0.999999004904620;	0.999999039272635;	0.999999064494519;	0.999999080677889;	0.999999129979430;	0.999999146662757;	0.999999157785102;	0.999999157930928;	0.999999192178397;	0.999999196642027;	0.999999206124743;	0.999999230690484;	0.999999211022231;	0.999999179820297;	0.999999144664325;	0.999999093471798;	0.999999038942239;	0.999998913882263;	0.999998725646594;	0.999998619384404;	0.999998030022190;	0.999996968378972;	0.999994573100266;	0.999990979775364;	0.999985137517399
0.998278575515249;	0.998423630146623;	0.998354414359747;	0.998285637978614;	0.999188112032828;	0.998042935346118;	0.998659880743724;	0.999999999227872;	0.999992032985123;	0.999476431689973;	0.999497441337545;	0.999783784076475;	0.999803754238549;	0.999881781241810;	0.999891316129493;	0.999948509828914;	0.999944772655892;	0.999957632657555;	0.999954319442160;	0.999964126540345;	0.999968882114830;	0.999974548902370;	0.999979010900017;	0.999982962815405;	0.999983455881706;	0.999986145653927;	0.999989736874155;	0.999990598985342;	0.999991157137175;	0.999993224341876;	0.999993853474994;	0.999994789833008;	0.999995382752945;	0.999995577763904;	0.999995668594227;	0.999996389401201;	0.999996669200429;	0.999996975061243;	0.999997346496919;	0.999997609919071;	0.999997783592863;	0.999998035923756;	0.999998096110339;	0.999998206336693;	0.999998290451061;	0.999998413587816;	0.999998520510231;	0.999998667327152;	0.999998768379882;	0.999998849788572;	0.999998936290579;	0.999998998252904;	0.999999045829190;	0.999999072277851;	0.999999098160066;	0.999999109116331;	0.999999120297231;	0.999999128329510;	0.999999131206878;	0.999999172015421;	0.999999180591734;	0.999999186034613;	0.999999181800891;	0.999999212366270;	0.999999214090104;	0.999999221804491;	0.999999244765562;	0.999999224454980;	0.999999192811276;	0.999999157591408;	0.999999106681192;	0.999999052538789;	0.999998928893489;	0.999998742937372;	0.999998637900580;	0.999998056018053;	0.999997007892302;	0.999994643400412;	0.999991096260680;	0.999985318986616
0.998714637612177;	0.998858983668901;	0.998803861286015;	0.998750628413249;	0.999425389733526;	0.998573766801974;	0.999033154846696;	0.999999999240544;	0.999992403125095;	0.999638389028000;	0.999652936395960;	0.999860122441936;	0.999873468124696;	0.999925850121764;	0.999932113007645;	0.999969004178893;	0.999966682644670;	0.999974725702921;	0.999972637325641;	0.999978695230602;	0.999981611475682;	0.999985106456313;	0.999987736130604;	0.999990134844990;	0.999990422880774;	0.999991981171431;	0.999994063529822;	0.999994570836354;	0.999994896567879;	0.999996059976358;	0.999996412985355;	0.999996918084381;	0.999997250380017;	0.999997372694961;	0.999997417218149;	0.999997801826346;	0.999997947705930;	0.999998102854660;	0.999998294932766;	0.999998424264574;	0.999998517918961;	0.999998641853120;	0.999998681860729;	0.999998739242673;	0.999998781584233;	0.999998841275309;	0.999998887725447;	0.999998961419418;	0.999999007911694;	0.999999039414024;	0.999999092977635;	0.999999121443763;	0.999999142981777;	0.999999148323235;	0.999999157584687;	0.999999156525731;	0.999999158445150;	0.999999159762229;	0.999999157584575;	0.999999194802439;	0.999999200354571;	0.999999203699267;	0.999999197939519;	0.999999226919603;	0.999999227635734;	0.999999234601188;	0.999999256759161;	0.999999236360541;	0.999999204763672;	0.999999169759973;	0.999999119325543;	0.999999065706249;	0.999998943540537;	0.999998759892120;	0.999998656104930;	0.999998081655084;	0.999997046930051;	0.999994712923799;	0.999991211500505;	0.999985499011336
0.999054105711819;	0.999187758039441;	0.999144112325909;	0.999103309956609;	0.999602291496866;	0.998977439113420;	0.999314690381581;	0.999999999252504;	0.999992644901653;	0.999754481894242;	0.999764126754510;	0.999911034086735;	0.999919789581883;	0.999954154101845;	0.999958247101954;	0.999981513088145;	0.999980136944437;	0.999985047231487;	0.999983767602065;	0.999987427467419;	0.999989170552022;	0.999991300022374;	0.999992808625741;	0.999994240829323;	0.999994407861772;	0.999995289445627;	0.999996473844192;	0.999996765061570;	0.999996953175333;	0.999997594427855;	0.999997788823571;	0.999998050303676;	0.999998231410095;	0.999998306906329;	0.999998323969886;	0.999998523204856;	0.999998594775866;	0.999998667582855;	0.999998763447752;	0.999998821782519;	0.999998872898946;	0.999998931084969;	0.999998957431579;	0.999998987132670;	0.999999008307489;	0.999999037111315;	0.999999054992108;	0.999999094445443;	0.999999116082088;	0.999999125440070;	0.999999164300374;	0.999999178366707;	0.999999188931429;	0.999999185663975;	0.999999188245145;	0.999999182490738;	0.999999180800382;	0.999999179522785;	0.999999175426527;	0.999999210920768;	0.999999215260274;	0.999999217748215;	0.999999211417418;	0.999999239503032;	0.999999239765808;	0.999999246318493;	0.999999267926716;	0.999999247608190;	0.999999216214478;	0.999999181517210;	0.999999131620863;	0.999999078574305;	0.999998957906841;	0.999998776566491;	0.999998674035771;	0.999998106957401;	0.999997085507172;	0.999994781674464;	0.999991325491345;	0.999985677563798
0.999313452347716;	0.999430724820079;	0.999396347470669;	0.999365353147037;	0.999730911300402;	0.999277715925549;	0.999522301365549;	0.999999999264119;	0.999992820982184;	0.999835763328706;	0.999841843251904;	0.999944081620070;	0.999949751084916;	0.999971844646968;	0.999974528795120;	0.999988939256408;	0.999988165790570;	0.999991105577413;	0.999990341060765;	0.999992516029014;	0.999993536468561;	0.999994831346827;	0.999995677318264;	0.999996526718524;	0.999996623705956;	0.999997113844205;	0.999997781006390;	0.999997944876831;	0.999998053361277;	0.999998403090347;	0.999998508967793;	0.999998637872501;	0.999998734261471;	0.999998780819082;	0.999998782305912;	0.999998883176048;	0.999998915187210;	0.999998944926809;	0.999998991333627;	0.999999013778915;	0.999999043455749;	0.999999069470479;	0.999999087679975;	0.999999103620767;	0.999999114705473;	0.999999129207204;	0.999999134310717;	0.999999158244993;	0.999999168965462;	0.999999168825389;	0.999999201186802;	0.999999209142238;	0.999999215095326;	0.999999208330808;	0.999999208169354;	0.999999200537268;	0.999999197355704;	0.999999194987720;	0.999999190089411;	0.999999224534532;	0.999999228283629;	0.999999230339208;	0.999999223761538;	0.999999251194267;	0.999999251200273;	0.999999257468776;	0.999999278625045;	0.999999258449789;	0.999999227325262;	0.999999192974228;	0.999999143643723;	0.999999091194324;	0.999998972028918;	0.999998792986790;	0.999998691712310;	0.999998131937297;	0.999997123630591;	0.999994849652088;	0.999991438226614;	0.999985854616741
0.999507749785186;	0.999606237934209;	0.999579294354903;	0.999555941932425;	0.999821905474046;	0.999495963234758;	0.999671847404171;	0.999999999275479;	0.999992963595278;	0.999891342271155;	0.999894949194808;	0.999964982627223;	0.999968635379282;	0.999982627296489;	0.999984411039763;	0.999993243196136;	0.999992834906212;	0.999994574746504;	0.999994126269015;	0.999995409847181;	0.999995999489133;	0.999996796634729;	0.999997263676989;	0.999997771257197;	0.999997828058382;	0.999998098661480;	0.999998476517880;	0.999998567444045;	0.999998630678161;	0.999998822562733;	0.999998880250816;	0.999998939497449;	0.999998989828863;	0.999999019136725;	0.999999012300430;	0.999999062666083;	0.999999074436134;	0.999999082543061;	0.999999104402446;	0.999999109408317;	0.999999128772928;	0.999999139532690;	0.999999153282543;	0.999999162618708;	0.999999169119542;	0.999999177172839;	0.999999176737206;	0.999999193573249;	0.999999199462770;	0.999999195190799;	0.999999224485176;	0.999999229692487;	0.999999233553493;	0.999999225265340;	0.999999223847687;	0.999999215386316;	0.999999211498040;	0.999999208594741;	0.999999203307683;	0.999999236965614;	0.999999240360842;	0.999999242150120;	0.999999235456067;	0.999999262341886;	0.999999262181054;	0.999999268230005;	0.999999288986187;	0.999999268986367;	0.999999238167045;	0.999999204184130;	0.999999155433718;	0.999999103594485;	0.999998985927580;	0.999998809168379;	0.999998709145894;	0.999998156601726;	0.999997161303441;	0.999994916854276;	0.999991549698413;	0.999986030143621
0.999650422053802;	0.999730085653034;	0.999709070690058;	0.999691603723759;	0.999884418471995;	0.999650862982677;	0.999777049109328;	0.999999999286564;	0.999993088683299;	0.999928495457657;	0.999930474793857;	0.999977903259812;	0.999980268998573;	0.999989066860430;	0.999990279498130;	0.999995695885440;	0.999995497045346;	0.999996526966258;	0.999996265311797;	0.999997028038899;	0.999997367873732;	0.999997873385888;	0.999998129864682;	0.999998441050412;	0.999998474722753;	0.999998625280231;	0.999998844876618;	0.999998894880835;	0.999998932689961;	0.999999041004963;	0.999999072905644;	0.999999096568784;	0.999999122370850;	0.999999141677077;	0.999999130739100;	0.999999155670261;	0.999999157402334;	0.999999154955857;	0.999999164824396;	0.999999161528921;	0.999999176044176;	0.999999179569508;	0.999999190953345;	0.999999197108354;	0.999999201545277;	0.999999206621752;	0.999999203735114;	0.999999217079718;	0.999999220663729;	0.999999214448500;	0.999999242059975;	0.999999245863825;	0.999999248633409;	0.999999239602848;	0.999999237519918;	0.999999228651297;	0.999999224381194;	0.999999221178461;	0.999999215684130;	0.999999248679697;	0.999999251833714;	0.999999253439529;	0.999999246696669;	0.999999273096178;	0.999999272820431;	0.999999278689369;	0.999999299078968;	0.999999279273597;	0.999999248780780;	0.999999215178575;	0.999999167015034;	0.999999115792224;	0.999998999615749;	0.999998825120719;	0.999998726343384;	0.999998180954543;	0.999997198526693;	0.999994983277666;	0.999991659898538;	0.999986204118806
0.999753104641040;	0.999815467906736;	0.999799156613159;	0.999786173751118;	0.999926068349326;	0.999758255110153;	0.999849403568092;	0.999999999297362;	0.999993203931049;	0.999952840678246;	0.999953809798824;	0.999985758900257;	0.999987315680943;	0.999992866175222;	0.999993715686473;	0.999997086112650;	0.999997000722040;	0.999997619619600;	0.999997464744756;	0.999997928909974;	0.999998126515550;	0.999998462390767;	0.999998604173862;	0.999998803553014;	0.999998823744424;	0.999998909628679;	0.999999043471649;	0.999999070726152;	0.999999094290163;	0.999999158673087;	0.999999176836182;	0.999999182563162;	0.999999195346923;	0.999999208929453;	0.999999196187025;	0.999999208235285;	0.999999205044964;	0.999999197475720;	0.999999201377744;	0.999999194074985;	0.999999206240317;	0.999999206172514;	0.999999216258281;	0.999999220789459;	0.999999224239944;	0.999999227818974;	0.999999223756298;	0.999999235169644;	0.999999237514086;	0.999999230285888;	0.999999256803653;	0.999999259790962;	0.999999261913765;	0.999999252495594;	0.999999250024165;	0.999999240951988;	0.999999236464115;	0.999999233085448;	0.999999227482279;	0.999999259889285;	0.999999262867701;	0.999999264339670;	0.999999257588849;	0.999999283541961;	0.999999283184258;	0.999999288899202;	0.999999308945595;	0.999999289346196;	0.999999259192225;	0.999999225977550;	0.999999178402989;	0.999999127798496;	0.999999013101479;	0.999998840849615;	0.999998743308887;	0.999998204997778;	0.999997235300154;	0.999995048918632;	0.999991768819094;	0.999986376517748
0.999825586236412;	0.999873070583923;	0.999860467745485;	0.999850864812486;	0.999952990852609;	0.999831115901207;	0.999898203737906;	0.999999999307891;	0.999993313014721;	0.999968555282002;	0.999968936184517;	0.999990502076836;	0.999991551829652;	0.999995106862788;	0.999995722849848;	0.999997881870219;	0.999997854689573;	0.999998237897593;	0.999998142597783;	0.999998436761844;	0.999998553716374;	0.999998790334688;	0.999998869992546;	0.999999005330643;	0.999999017542745;	0.999999068536119;	0.999999155485632;	0.999999170007443;	0.999999185532339;	0.999999226451438;	0.999999237197653;	0.999999233783123;	0.999999239518928;	0.999999249799672;	0.999999236392674;	0.999999241660469;	0.999999236005877;	0.999999225878502;	0.999999226638713;	0.999999217303066;	0.999999228216034;	0.999999226219325;	0.999999235528947;	0.999999239150425;	0.999999242070099;	0.999999244806881;	0.999999240123062;	0.999999250348587;	0.999999251956380;	0.999999244166963;	0.999999269882382;	0.999999272355217;	0.999999274066632;	0.999999264453510;	0.999999261748989;	0.999999252589964;	0.999999247981252;	0.999999244501125;	0.999999238849281;	0.999999270716672;	0.999999273561067;	0.999999274931004;	0.999999268198002;	0.999999293732454;	0.999999293314126;	0.999999298892588;	0.999999318612766;	0.999999299226116;	0.999999269417619;	0.999999236593611;	0.999999189607186;	0.999999139620173;	0.999999026389807;	0.999998856358672;	0.999998760044898;	0.999998228732482;	0.999997271623127;	0.999995113773725;	0.999991876452919;	0.999986547317153
0.999875834860987;	0.999911231190659;	0.999901523969189;	0.999894437739288;	0.999969935984234;	0.999879672853860;	0.999930660262909;	0.999999999318171;	0.999993417718583;	0.999978621486744;	0.999978681275133;	0.999993381232952;	0.999994109902205;	0.999996445682163;	0.999996909236622;	0.999998348985327;	0.999998350563597;	0.999998597732790;	0.999998535498656;	0.999998731929682;	0.999998802528972;	0.999998979970486;	0.999999025516337;	0.999999123350254;	0.999999130780261;	0.999999162535764;	0.999999223060794;	0.999999230287784;	0.999999241192966;	0.999999269066867;	0.999999275677867;	0.999999267424462;	0.999999269189081;	0.999999277507951;	0.999999263940529;	0.999999265420771;	0.999999258473974;	0.999999247009193;	0.999999245996541;	0.999999235573539;	0.999999245731659;	0.999999242629146;	0.999999251430097;	0.999999254498263;	0.999999257095778;	0.999999259317560;	0.999999254290008;	0.999999263735877;	0.999999264883617;	0.999999256788211;	0.999999281870727;	0.999999284008083;	0.999999285450014;	0.999999275758898;	0.999999272917348;	0.999999263743609;	0.999999259074713;	0.999999255540000;	0.999999249877235;	0.999999281238918;	0.999999283976023;	0.999999285264585;	0.999999278565599;	0.999999303701294;	0.999999303236214;	0.999999308690248;	0.999999328097154;	0.999999308927049;	0.999999279467113;	0.999999247034688;	0.999999200633709;	0.999999151261678;	0.999999039484028;	0.999998871650267;	0.999998776553068;	0.999998252159283;	0.999997307494823;	0.999995177839958;	0.999991982793837;	0.999986716495128
0.999910112603753;	0.999936192543668;	0.999928711422146;	0.999923470451881;	0.999980416265486;	0.999911647592453;	0.999952117360385;	0.999999999328211;	0.999993518947367;	0.999985078138036;	0.999984970874796;	0.999995158581599;	0.999995680163291;	0.999997264931843;	0.999997627920359;	0.999998632977796;	0.999998648801440;	0.999998815625463;	0.999998772151671;	0.999998910957237;	0.999998954128917;	0.999999095338353;	0.999999121537905;	0.999999196681041;	0.999999201220807;	0.999999221951354;	0.999999266929666;	0.999999269837900;	0.999999278017054;	0.999999298253500;	0.999999302460462;	0.999999291521183;	0.999999290952829;	0.999999298059561;	0.999999284529851;	0.999999283784614;	0.999999276134125;	0.999999263955501;	0.999999261897067;	0.999999250887336;	0.999999260544056;	0.999999256793965;	0.999999265239248;	0.999999267954619;	0.999999270340536;	0.999999272234776;	0.999999267023795;	0.999999275938753;	0.999999276795424;	0.999999268551088;	0.999999293108580;	0.999999295022869;	0.999999296284722;	0.999999286588416;	0.999999283670062;	0.999999274526242;	0.999999269834934;	0.999999266274894;	0.999999260624543;	0.999999291504656;	0.999999294151634;	0.999999295372338;	0.999999288717469;	0.999999313469348;	0.999999312966738;	0.999999318305047;	0.999999337409146;	0.999999318457569;	0.999999289347178;	0.999999257305934;	0.999999211486613;	0.999999162726085;	0.999999052386518;	0.999998886726188;	0.999998792834689;	0.999998275278717;	0.999997342914627;	0.999995241114959;	0.999992087836809;	0.999986884031313
0.999933165988199;	0.999952425068049;	0.999946614816009;	0.999942699304426;	0.999986893985749;	0.999932600318498;	0.999966335318879;	0.999999999338020;	0.999993617197387;	0.999989257705285;	0.999989062613144;	0.999996280771250;	0.999996666601867;	0.999997779932950;	0.999998076530991;	0.999998811798259;	0.999998835135501;	0.999998952973427;	0.999998920637018;	0.999999024336664;	0.999999050717207;	0.999999169163805;	0.999999183942784;	0.999999244919875;	0.999999247701533;	0.999999261847594;	0.999999297310175;	0.999999297591086;	0.999999304116173;	0.999999319692473;	0.999999322452732;	0.999999309984907;	0.999999308016833;	0.999999314350474;	0.999999300930560;	0.999999298854075;	0.999999290825221;	0.999999278285755;	0.999999275609074;	0.999999264306797;	0.999999273610718;	0.999999269492002;	0.999999277678105;	0.999999280163659;	0.999999282404524;	0.999999284087532;	0.999999278792851;	0.999999287333845;	0.999999288005732;	0.999999279710180;	0.999999303812853;	0.999999305574406;	0.999999306711954;	0.999999297054713;	0.999999294096441;	0.999999285009319;	0.999999280318587;	0.999999276751168;	0.999999271127400;	0.999999301543841;	0.999999304111901;	0.999999305273865;	0.999999298669518;	0.999999323049506;	0.999999322515818;	0.999999327745133;	0.999999346555427;	0.999999327823285;	0.999999299062275;	0.999999267410985;	0.999999222168904;	0.999999174015810;	0.999999065099244;	0.999998901588004;	0.999998808890963;	0.999998298091421;	0.999997377882235;	0.999995303597072;	0.999992191578041;	0.999987049907009
0.999948470130883;	0.999962982357133;	0.999958382723613;	0.999955392858798;	0.999990980359120;	0.999946338868695;	0.999975816201898;	0.999999999347606;	0.999993712768037;	0.999991994360543;	0.999991747148141;	0.999997002792042;	0.999997299151006;	0.999998110428245;	0.999998363629176;	0.999998927440625;	0.999998955145996;	0.999999042304889;	0.999999016895849;	0.999999098633086;	0.999999114483982;	0.999999218378816;	0.999999226212596;	0.999999278174135;	0.999999279880126;	0.999999289988829;	0.999999319501017;	0.999999318173421;	0.999999323673333;	0.999999336358365;	0.999999338235438;	0.999999324920289;	0.999999322121993;	0.999999327953588;	0.999999314671496;	0.999999311813254;	0.999999303601839;	0.999999290916891;	0.999999287888211;	0.999999276475689;	0.999999285521503;	0.999999281208664;	0.999999289198681;	0.999999291531734;	0.999999293669871;	0.999999295214700;	0.999999289898325;	0.999999298163044;	0.999999298715686;	0.999999290427818;	0.999999314121065;	0.999999315772703;	0.999999316819861;	0.999999307227582;	0.999999304251372;	0.999999295236507;	0.999999290560151;	0.999999286996376;	0.999999281407816;	0.999999311374698;	0.999999313871534;	0.999999314981301;	0.999999308431744;	0.999999332449994;	0.999999331890122;	0.999999337016061;	0.999999355540683;	0.999999337028273;	0.999999308615816;	0.999999277352755;	0.999999232683115;	0.999999185133013;	0.999999077624060;	0.999998916237278;	0.999998824723157;	0.999998320598228;	0.999997412397731;	0.999995365285406;	0.999992294015050;	0.999987214105304
0.999958493433861;	0.999969858480476;	0.999966096597922;	0.999963729909227;	0.999993643247127;	0.999955355657911;	0.999982152563593;	0.999999999356979;	0.999993805857623;	0.999993795526977;	0.999993510869013;	0.999997470701961;	0.999997708559537;	0.999998324380218;	0.999998549662765;	0.999999003493481;	0.999999033886649;	0.999999101646086;	0.999999080641426;	0.999999148503901;	0.999999157736426;	0.999999252262068;	0.999999255850493;	0.999999302055176;	0.999999303101833;	0.999999310730576;	0.999999336519969;	0.999999334230052;	0.999999339087176;	0.999999349990014;	0.999999351331460;	0.999999337594666;	0.999999334325601;	0.999999339827226;	0.999999326697367;	0.999999323401685;	0.999999315129389;	0.999999302432481;	0.999999299217703;	0.999999287807164;	0.999999296655699;	0.999999292255335;	0.999999300089725;	0.999999302317886;	0.999999304380108;	0.999999305831383;	0.999999300530231;	0.999999308577668;	0.999999309050032;	0.999999300803776;	0.999999324116976;	0.999999325684211;	0.999999326661331;	0.999999317148711;	0.999999314167572;	0.999999305233870;	0.999999300580336;	0.999999297027223;	0.999999291479346;	0.999999321008578;	0.999999323439926;	0.999999324502596;	0.999999318010917;	0.999999341676560;	0.999999341094546;	0.999999346122091;	0.999999364368641;	0.999999346075929;	0.999999318010763;	0.999999287133874;	0.999999243031627;	0.999999196079800;	0.999999089962836;	0.999998930675662;	0.999998840332670;	0.999998342800213;	0.999997446461620;	0.999995426179885;	0.999992395146718;	0.999987376611171
0.999964949249366;	0.999974319960851;	0.999971109539249;	0.999969144809346;	0.999995420234575;	0.999961242511287;	0.999986346274472;	0.999999999366146;	0.999993896611115;	0.999994970828774;	0.999994655912271;	0.999997771789022;	0.999997972123110;	0.999998462603548;	0.999998670179965;	0.999999054168845;	0.999999086148804;	0.999999141787490;	0.999999123550951;	0.999999182726477;	0.999999187897016;	0.999999276376473;	0.999999277430657;	0.999999319985356;	0.999999320631502;	0.999999326767633;	0.999999350253992;	0.999999347419236;	0.999999351870082;	0.999999361692111;	0.999999362714358;	0.999999348823031;	0.999999345307460;	0.999999350587324;	0.999999337619102;	0.999999334096091;	0.999999325836883;	0.999999313207956;	0.999999309906421;	0.999999298563680;	0.999999307252509;	0.999999302826431;	0.999999310529883;	0.999999312681347;	0.999999314684186;	0.999999316068154;	0.999999310802914;	0.999999318667948;	0.999999319082560;	0.999999310896703;	0.999999333849485;	0.999999335347626;	0.999999336267179;	0.999999326842533;	0.999999323864439;	0.999999315017124;	0.999999310391921;	0.999999306854322;	0.999999301350914;	0.999999330453165;	0.999999332823719;	0.999999333843597;	0.999999327412219;	0.999999350733800;	0.999999350133204;	0.999999355066940;	0.999999373042676;	0.999999354969377;	0.999999327249939;	0.999999296756912;	0.999999253216819;	0.999999206858319;	0.999999102117533;	0.999998944904938;	0.999998855721055;	0.999998364698718;	0.999997480074859;	0.999995486281264;	0.999992494973345;	0.999987537411581
0.999969016786652;	0.999977177254635;	0.999974313411193;	0.999972596373366;	0.999996603188039;	0.999965029583701;	0.999989048331278;	0.999999999375116;	0.999993985144929;	0.999995718417552;	0.999995379448918;	0.999997962171372;	0.999998139080377;	0.999998551506283;	0.999998747880070;	0.999999088660404;	0.999999121422731;	0.999999169708043;	0.999999153153563;	0.999999206999311;	0.999999209794882;	0.999999294333175;	0.999999293946834;	0.999999334196093;	0.999999334604159;	0.999999339869200;	0.999999361938478;	0.999999358822392;	0.999999363011465;	0.999999372181836;	0.999999373016010;	0.999999359130555;	0.999999355501977;	0.999999360625464;	0.999999347824890;	0.999999344195922;	0.999999335992220;	0.999999323475939;	0.999999320143655;	0.999999308904550;	0.999999317455575;	0.999999313037470;	0.999999320624221;	0.999999322715111;	0.999999324668552;	0.999999326000268;	0.999999320781807;	0.999999328485321;	0.999999328855247;	0.999999320740066;	0.999999343346517;	0.999999344785285;	0.999999345655486;	0.999999336323752;	0.999999333354047;	0.999999324596438;	0.999999320003566;	0.999999316485205;	0.999999311029187;	0.999999339714417;	0.999999342028301;	0.999999343009224;	0.999999336640190;	0.999999359625862;	0.999999359009925;	0.999999363854146;	0.999999381566073;	0.999999363711682;	0.999999336336157;	0.999999306224462;	0.999999263241121;	0.999999217470798;	0.999999114090218;	0.999998958927038;	0.999998870890044;	0.999998386295364;	0.999997513238871;	0.999995545591180;	0.999992593496706;	0.999987696495600
0.999971517209706;	0.999978971680543;	0.999976317866678;	0.999974746971636;	0.999997364561484;	0.999967417593803;	0.999990713019159;	0.999999999383895;	0.999994071559467;	0.999996175692631;	0.999995819798225;	0.999998080597357;	0.999998243297046;	0.999998609180615;	0.999998798300492;	0.999999113157817;	0.999999146129263;	0.999999190107075;	0.999999174541307;	0.999999225166516;	0.999999226665697;	0.999999308544694;	0.999999307392940;	0.999999346157444;	0.999999346427474;	0.999999351195452;	0.999999372372245;	0.999999369131728;	0.999999373144191;	0.999999381910208;	0.999999382631822;	0.999999368841379;	0.999999365173970;	0.999999370178509;	0.999999357548505;	0.999999353879135;	0.999999345753368;	0.999999333372426;	0.999999330038970;	0.999999318921262;	0.999999327346592;	0.999999322953801;	0.999999330431697;	0.999999332471200;	0.999999334381295;	0.999999335669490;	0.999999330503220;	0.999999338058594;	0.999999338391882;	0.999999330353256;	0.999999352624519;	0.999999354010800;	0.999999354837713;	0.999999345602158;	0.999999342644898;	0.999999333979374;	0.999999329422064;	0.999999325926077;	0.999999320519897;	0.999999348797611;	0.999999351058606;	0.999999352004084;	0.999999345699174;	0.999999368356779;	0.999999367728480;	0.999999372487272;	0.999999389942108;	0.999999372305925;	0.999999345272267;	0.999999315539176;	0.999999273107039;	0.999999227919557;	0.999999125883083;	0.999998972744056;	0.999998885841556;	0.999998407592068;	0.999997545955568;	0.999995604112164;	0.999992690720097;	0.999987853854498
0.999973031278519;	0.999980082355178;	0.999977554015123;	0.999976067115149;	0.999997825287018;	0.999968907102118;	0.999991681464667;	0.999999999392491;	0.999994155945564;	0.999996444162166;	0.999996078825978;	0.999998154633884;	0.999998308847529;	0.999998648143058;	0.999998832267583;	0.999999131794390;	0.999999164605751;	0.999999206109618;	0.999999191124204;	0.999999239775559;	0.999999240623194;	0.999999320578809;	0.999999319050920;	0.999999356799260;	0.999999356990077;	0.999999361470792;	0.999999382044535;	0.999999378765404;	0.999999382649329;	0.999999391143488;	0.999999391793622;	0.999999378142733;	0.999999374474569;	0.999999379380541;	0.999999366921438;	0.999999363244929;	0.999999355207821;	0.999999342972354;	0.999999339652567;	0.999999328664078;	0.999999336970259;	0.999999332611485;	0.999999339984874;	0.999999341978495;	0.999999343849104;	0.999999345099237;	0.999999339987814;	0.999999347404710;	0.999999347706957;	0.999999339748669;	0.999999361694403;	0.999999363033710;	0.999999363822347;	0.999999354685424;	0.999999351744027;	0.999999343172471;	0.999999338653520;	0.999999335182686;	0.999999329828486;	0.999999357707833;	0.999999359919432;	0.999999360832710;	0.999999354593486;	0.999999376930576;	0.999999376292662;	0.999999380969895;	0.999999398174076;	0.999999380755218;	0.999999354061171;	0.999999324703774;	0.999999282817164;	0.999999238207019;	0.999999137498451;	0.999998986358262;	0.999998900577705;	0.999998428591065;	0.999997578227375;	0.999995661847701;	0.999992786648407;	0.999988009481849
0.999973964770278;	0.999980778088631;	0.999978327293990;	0.999976889879655;	0.999998082047490;	0.999969857173092;	0.999992215631468;	0.999999999400910;	0.999994238387840;	0.999996599009533;	0.999996230751103;	0.999998203355385;	0.999998352376436;	0.999998676695660;	0.999998857033211;	0.999999147189351;	0.999999179636084;	0.999999219678405;	0.999999205057575;	0.999999252413102;	0.999999252959311;	0.999999331387121;	0.999999329687832;	0.999999366667461;	0.999999366811592;	0.999999371113207;	0.999999391232155;	0.999999387956579;	0.999999391738350;	0.999999400027035;	0.999999400627173;	0.999999387135126;	0.999999383484402;	0.999999388302752;	0.999999376013002;	0.999999372345814;	0.999999364401901;	0.999999352315592;	0.999999349016949;	0.999999338160600;	0.999999346351387;	0.999999342031246;	0.999999349302783;	0.999999351254257;	0.999999353088116;	0.999999354304076;	0.999999349248918;	0.999999356535240;	0.999999356810908;	0.999999348935778;	0.999999370564860;	0.999999371862007;	0.999999372616805;	0.999999363580511;	0.999999360658006;	0.999999352181979;	0.999999347703865;	0.999999344260674;	0.999999338960339;	0.999999366450123;	0.999999368615569;	0.999999369499652;	0.999999363327465;	0.999999385351299;	0.999999384706327;	0.999999389305623;	0.999999406265308;	0.999999389062729;	0.999999362705848;	0.999999333721062;	0.999999292374189;	0.999999248335728;	0.999999148938801;	0.999998999772123;	0.999998915100837;	0.999998449294928;	0.999997610057264;	0.999995718802259;	0.999992881288194;	0.999988163373642
0.999974586109578;	0.999981242501117;	0.999978844967042;	0.999977440158316;	0.999998213471350;	0.999970512469469;	0.999992507400074;	0.999999999409159;	0.999994318966495;	0.999996692592070;	0.999996326006138;	0.999998238983833;	0.999998384530929;	0.999998699905692;	0.999998877068268;	0.999999160864664;	0.999999192856910;	0.999999231939695;	0.999999217583518;	0.999999263978516;	0.999999264391181;	0.999999341493797;	0.999999339719727;	0.999999376052707;	0.999999376167090;	0.999999380341159;	0.999999400077819;	0.999999396824157;	0.999999400518566;	0.999999408634441;	0.999999409196028;	0.999999395869579;	0.999999392244815;	0.999999396981843;	0.999999384858764;	0.999999381209646;	0.999999373360559;	0.999999361424188;	0.999999358150907;	0.999999347427502;	0.999999355505462;	0.999999351226833;	0.999999358398503;	0.999999360310781;	0.999999362110081;	0.999999363295048;	0.999999358297070;	0.999999365459817;	0.999999365712788;	0.999999357923116;	0.999999379243922;	0.999999380503251;	0.999999381228234;	0.999999372294217;	0.999999369393311;	0.999999361014093;	0.999999356579004;	0.999999353165679;	0.999999347920845;	0.999999375029528;	0.999999377151821;	0.999999378009477;	0.999999371905484;	0.999999393623067;	0.999999392973370;	0.999999397498110;	0.999999414219194;	0.999999397231695;	0.999999371209356;	0.999999342593954;	0.999999301780935;	0.999999258308371;	0.999999160206787;	0.999999012988321;	0.999998929413529;	0.999998469706589;	0.999997641448778;	0.999995774981355;	0.999992974647775;	0.999988315528401
0.999975056714930;	0.999981591126678;	0.999979236010144;	0.999977856664556;	0.999998278705594;	0.999971024049093;	0.999992682725949;	0.999999999417243;	0.999994397758392;	0.999996757427021;	0.999996395030495;	0.999998268481603;	0.999998411359626;	0.999998720518204;	0.999998894816409;	0.999999173606842;	0.999999205121184;	0.999999243466684;	0.999999229334728;	0.999999274922503;	0.999999275271083;	0.999999351154670;	0.999999349347084;	0.999999385093557;	0.999999385186806;	0.999999389257499;	0.999999408649232;	0.999999405424734;	0.999999409040973;	0.999999417001870;	0.999999417531798;	0.999999404372427;	0.999999400778093;	0.999999405438087;	0.999999393478499;	0.999999389853086;	0.999999382099285;	0.999999370312526;	0.999999367067532;	0.999999356477079;	0.999999364444382;	0.999999360209432;	0.999999367283023;	0.999999369158688;	0.999999370925372;	0.999999372082154;	0.999999367142037;	0.999999374187575;	0.999999374421322;	0.999999366719015;	0.999999387739485;	0.999999388964924;	0.999999389663729;	0.999999380833313;	0.999999377956403;	0.999999369675009;	0.999999365284851;	0.999999361903352;	0.999999356715410;	0.999999383451127;	0.999999385533038;	0.999999386366817;	0.999999380331991;	0.999999401750074;	0.999999401097756;	0.999999405551093;	0.999999422039211;	0.999999405265453;	0.999999379574876;	0.999999351325494;	0.999999311040366;	0.999999268127800;	0.999999171305252;	0.999999026009778;	0.999998943518631;	0.999998489829375;	0.999997672406081;	0.999995830391618;	0.999993066737339;	0.999988465947304
0.999975461047501;	0.999981887795673;	0.999979570557761;	0.999978213864653;	0.999998315697052;	0.999971472380595;	0.999992811340083;	0.999999999425169;	0.999994474837816;	0.999996810581124;	0.999996453329135;	0.999998295219593;	0.999998435778623;	0.999998739801887;	0.999998911413401;	0.999999185767321;	0.999999216810383;	0.999999254511785;	0.999999240588118;	0.999999285440542;	0.999999285750450;	0.999999360479878;	0.999999358656423;	0.999999393850852;	0.999999393927700;	0.999999397908062;	0.999999416978449;	0.999999413786130;	0.999999417330920;	0.999999425149085;	0.999999425652382;	0.999999412659795;	0.999999409098894;	0.999999413685383;	0.999999401886039;	0.999999398288752;	0.999999390630304;	0.999999378992453;	0.999999375778133;	0.999999365320331;	0.999999373179035;	0.999999368989548;	0.999999375966800;	0.999999377808206;	0.999999379544056;	0.999999380675178;	0.999999375793435;	0.999999382727555;	0.999999382945169;	0.999999375331760;	0.999999396059398;	0.999999397254473;	0.999999397930364;	0.999999389204562;	0.999999386353753;	0.999999378170945;	0.999999373827356;	0.999999370479390;	0.999999365349511;	0.999999391720070;	0.999999393764153;	0.999999394576385;	0.999999388611568;	0.999999409736604;	0.999999409083553;	0.999999413468421;	0.999999429728949;	0.999999413167466;	0.999999387805729;	0.999999359918883;	0.999999320155621;	0.999999277797051;	0.999999182237264;	0.999999038839682;	0.999998957419281;	0.999998509667043;	0.999997702933999;	0.999995885040867;	0.999993157569086;	0.999988614634323
0.999975835429398;	0.999982161519396;	0.999979879878706;	0.999978544445399;	0.999998343363223;	0.999971892268233;	0.999992923571275;	0.999999999432943;	0.999994550277203;	0.999996859152063;	0.999996507177270;	0.999998320516336;	0.999998458921379;	0.999998758239068;	0.999998927289963;	0.999999197482637;	0.999999228069896;	0.999999265173326;	0.999999251449230;	0.999999295608942;	0.999999295890434;	0.999999369515170;	0.999999367685496;	0.999999402353402;	0.999999402417044;	0.999999406316337;	0.999999425084128;	0.999999421925770;	0.999999425404746;	0.999999433090379;	0.999999433571286;	0.999999420744712;	0.999999417219681;	0.999999421735880;	0.999999410093683;	0.999999406528279;	0.999999398965082;	0.999999387475274;	0.999999384293647;	0.999999373967991;	0.999999381720107;	0.999999377577527;	0.999999384460150;	0.999999386269446;	0.999999387976103;	0.999999389083823;	0.999999384260806;	0.999999391088735;	0.999999391292936;	0.999999383769607;	0.999999404211494;	0.999999405379345;	0.999999406035235;	0.999999397414777;	0.999999394591893;	0.999999386508195;	0.999999382212560;	0.999999378899595;	0.999999373828743;	0.999999399841630;	0.999999401850228;	0.999999402643069;	0.999999396748925;	0.999999417587078;	0.999999416934974;	0.999999421254092;	0.999999437292148;	0.999999420941357;	0.999999395905404;	0.999999368377504;	0.999999329130039;	0.999999287319375;	0.999999193006141;	0.999999051481519;	0.999998971118941;	0.999998529223817;	0.999997733038086;	0.999995938938213;	0.999993247157387;	0.999988761596358
0.999976191871129;	0.999982422351963;	0.999980174624644;	0.999978859379077;	0.999998368335936;	0.999972295096667;	0.999993029051094;	0.999999999440569;	0.999994624147895;	0.999996905315757;	0.999996558456180;	0.999998344774294;	0.999998481131440;	0.999998775988146;	0.999998942583906;	0.999999208808043;	0.999999238955236;	0.999999275493770;	0.999999261961914;	0.999999305462794;	0.999999305722458;	0.999999378285713;	0.999999376457207;	0.999999410620819;	0.999999410673909;	0.999999414500012;	0.999999432981706;	0.999999429858744;	0.999999433276920;	0.999999440838988;	0.999999441301252;	0.999999428639690;	0.999999425152566;	0.999999429601452;	0.999999418113513;	0.999999414583138;	0.999999407114958;	0.999999395772180;	0.999999392624902;	0.999999382430698;	0.999999390078175;	0.999999385983629;	0.999999392773301;	0.999999394552427;	0.999999396231404;	0.999999397317727;	0.999999392553639;	0.999999399280076;	0.999999399473246;	0.999999392040854;	0.999999412203661;	0.999999413347069;	0.999999413985536;	0.999999405470882;	0.999999402677478;	0.999999394693194;	0.999999390446652;	0.999999387169933;	0.999999382158877;	0.999999407821254;	0.999999409796514;	0.999999410571933;	0.999999404748948;	0.999999425306085;	0.999999424656409;	0.999999428912281;	0.999999444732726;	0.999999428590935;	0.999999403877594;	0.999999376704954;	0.999999337967185;	0.999999296698268;	0.999999203615475;	0.999999063939107;	0.999998984621437;	0.999998548504435;	0.999997762724679;	0.999995992094173;	0.999993335518985;	0.999988906843377
0.999976533524869;	0.999982672872805;	0.999980457562532;	0.999979161532834;	0.999998392094526;	0.999972683727193;	0.999993129758012;	0.999999999448055;	0.999994696520977;	0.999996949543639;	0.999996607597466;	0.999998368123178;	0.999998502521284;	0.999998793121966;	0.999998957356033;	0.999999219779892;	0.999999249501363;	0.999999285503860;	0.999999272157644;	0.999999315029661;	0.999999315273108;	0.999999386813681;	0.999999384992599;	0.999999418671750;	0.999999418716674;	0.999999422476408;	0.999999440686463;	0.999999437600041;	0.999999440961873;	0.999999448408111;	0.999999448854981;	0.999999436357191;	0.999999432909591;	0.999999437293881;	0.999999425957509;	0.999999422464701;	0.999999415091165;	0.999999403894263;	0.999999400782648;	0.999999390719033;	0.999999398263761;	0.999999394218093;	0.999999400916463;	0.999999402667173;	0.999999404319861;	0.999999405386563;	0.999999400681486;	0.999999407310629;	0.999999407494832;	0.999999400153938;	0.999999420043926;	0.999999421165327;	0.999999421788625;	0.999999413379986;	0.999999410617359;	0.999999402732576;	0.999999398536032;	0.999999395296591;	0.999999390345912;	0.999999415664602;	0.999999417608500;	0.999999418368243;	0.999999412616735;	0.999999432898425;	0.999999432252464;	0.999999436447385;	0.999999452054812;	0.999999436120228;	0.999999411726220;	0.999999384905073;	0.999999346670883;	0.999999305937499;	0.999999214069172;	0.999999076216628;	0.999998997930983;	0.999998567514203;	0.999997792000977;	0.999996044520788;	0.999993422673192;	0.999989050388517
0.999976861976169;	0.999982914151451;	0.999980729945721;	0.999979452283766;	0.999998414790810;	0.999973059607471;	0.999993226202258;	0.999999999455405;	0.999994767468211;	0.999996992051458;	0.999996654846975;	0.999998390667803;	0.999998523184794;	0.999998809709305;	0.999998971664300;	0.999999230434530;	0.999999259743570;	0.999999295234833;	0.999999282068740;	0.999999324337860;	0.999999324569577;	0.999999395121731;	0.999999393313078;	0.999999426525036;	0.999999426563876;	0.999999430262918;	0.999999448213670;	0.999999445164601;	0.999999448473959;	0.999999455810868;	0.999999456245087;	0.999999443909596;	0.999999440502738;	0.999999444824880;	0.999999433637565;	0.999999430184294;	0.999999422904911;	0.999999411852611;	0.999999408777667;	0.999999398843633;	0.999999406287467;	0.999999402291259;	0.999999408899956;	0.999999410623828;	0.999999412251512;	0.999999413300155;	0.999999408654062;	0.999999415189632;	0.999999415366623;	0.999999408117507;	0.999999427740534;	0.999999428842026;	0.999999429452094;	0.999999421149434;	0.999999418418617;	0.999999410633224;	0.999999406487362;	0.999999403286017;	0.999999398396107;	0.999999423377631;	0.999999425291915;	0.999999426037517;	0.999999420357635;	0.999999440369143;	0.999999439727993;	0.999999443864040;	0.999999459262770;	0.999999443533503;	0.999999419455456;	0.999999392981962;	0.999999355245237;	0.999999315041127;	0.999999224371471;	0.999999088318656;	0.999999011052222;	0.999998586259025;	0.999997820875094;	0.999996096231744;	0.999993508642100;	0.999989192248224
0.999977179091046;	0.999983147463755;	0.999980993255805;	0.999979733253649;	0.999998436573297;	0.999973424467655;	0.999993319088267;	0.999999999462625;	0.999994837063098;	0.999997033116026;	0.999996700507230;	0.999998412523981;	0.999998543225646;	0.999998825822050;	0.999998985569671;	0.999999240808707;	0.999999269717585;	0.999999304717965;	0.999999291727493;	0.999999333415507;	0.999999333638741;	0.999999403232218;	0.999999401439730;	0.999999434199263;	0.999999434233755;	0.999999437876680;	0.999999455578457;	0.999999452567248;	0.999999455827409;	0.999999463060346;	0.999999463484169;	0.999999451309314;	0.999999447944043;	0.999999452206222;	0.999999441165634;	0.999999437753346;	0.999999430567510;	0.999999419658439;	0.999999416620884;	0.999999406815307;	0.999999414160056;	0.999999410213662;	0.999999416734296;	0.999999418432734;	0.999999420036588;	0.999999421068526;	0.999999416481292;	0.999999422926537;	0.999999423097781;	0.999999415940452;	0.999999435301960;	0.999999436385313;	0.999999436983773;	0.999999428786820;	0.999999426088596;	0.999999418402288;	0.999999414307572;	0.999999411144933;	0.999999406316039;	0.999999430966545;	0.999999432852741;	0.999999433585514;	0.999999427977247;	0.999999447723527;	0.999999447088093;	0.999999451167127;	0.999999466361195;	0.999999450835270;	0.999999427069725;	0.999999400939988;	0.999999363694631;	0.999999324013511;	0.999999234526944;	0.999999100250162;	0.999999023990222;	0.999998604745423;	0.999997849356087;	0.999996147242429;	0.999993593450686;	0.999989332441627
0.999977486767384;	0.999983374133932;	0.999981249006680;	0.999980006083148;	0.999998457660917;	0.999973780013890;	0.999993409141793;	0.999999999469721;	0.999994905381535;	0.999997073002782;	0.999996744862613;	0.999998433799728;	0.999998562740201;	0.999998841527738;	0.999998999129021;	0.999999250937641;	0.999999279457317;	0.999999313983215;	0.999999301164642;	0.999999342289541;	0.999999342506539;	0.999999411166782;	0.999999409393087;	0.999999441712664;	0.999999441744187;	0.999999445334565;	0.999999462795829;	0.999999459822719;	0.999999463036375;	0.999999470169635;	0.999999470584833;	0.999999458568796;	0.999999455245613;	0.999999459449742;	0.999999448553720;	0.999999445183358;	0.999999438090357;	0.999999427323049;	0.999999424323331;	0.999999414644979;	0.999999421892411;	0.999999417995968;	0.999999424430126;	0.999999426104350;	0.999999427685436;	0.999999428701817;	0.999999424173221;	0.999999430530935;	0.999999430697607;	0.999999423631820;	0.999999442736835;	0.999999443803491;	0.999999444391659;	0.999999436299914;	0.999999433634825;	0.999999426047117;	0.999999422003798;	0.999999418880292;	0.999999414112485;	0.999999438437735;	0.999999440297143;	0.999999441018190;	0.999999435481366;	0.999999454967052;	0.999999454338053;	0.999999458361715;	0.999999473354869;	0.999999458030221;	0.999999434573653;	0.999999408783726;	0.999999372023677;	0.999999332859256;	0.999999244540456;	0.999999112016461;	0.999999036750433;	0.999998622980480;	0.999997877453885;	0.999996197569845;	0.999993677126682;	0.999989470994184
0.999977786612226;	0.999983595256410;	0.999981498453628;	0.999980272135943;	0.999998478205017;	0.999974127626064;	0.999993496901531;	0.999999999476697;	0.999994972493864;	0.999997111917527;	0.999996788138447;	0.999998454585108;	0.999998581808947;	0.999998856884570;	0.999999012391063;	0.999999260852510;	0.999999288992551;	0.999999323057140;	0.999999310407344;	0.999999350983895;	0.999999351196149;	0.999999418944809;	0.999999417191597;	0.999999449081702;	0.999999449111301;	0.999999452651830;	0.999999469879422;	0.999999466944432;	0.999999470113735;	0.999999477150697;	0.999999477558606;	0.999999465699464;	0.999999462418577;	0.999999466566314;	0.999999455812846;	0.999999452484927;	0.999999445483960;	0.999999434856875;	0.999999431895217;	0.999999422342777;	0.999999429494634;	0.999999425648105;	0.999999431997357;	0.999999433648428;	0.999999435207699;	0.999999436209493;	0.999999431739240;	0.999999438011812;	0.999999438174839;	0.999999431200136;	0.999999450053303;	0.999999451104421;	0.999999451683342;	0.999999443696123;	0.999999441064506;	0.999999433574764;	0.999999429582925;	0.999999426498822;	0.999999421792012;	0.999999445797408;	0.999999447631134;	0.999999448341362;	0.999999442875675;	0.999999462105100;	0.999999461483094;	0.999999465452826;	0.999999480248538;	0.999999465123039;	0.999999441971877;	0.999999416517791;	0.999999380237054;	0.999999341583063;	0.999999254417008;	0.999999123623066;	0.999999049338542;	0.999998640971667;	0.999997905179059;	0.999996247232281;	0.999993759700063;	0.999989607915108
0.999999999999963;	0.999999999999963;	0.999999999999963;	0.999999999999963;	0.999999999999963;	0.999999999999963;	0.999999999999963;	0.999999999999963;	0.999999999999963;	0.999999999999963;	0.999999999999963;	0.999999999999963;	0.999999999999963;	0.999999999999963;	0.999999999999963;	0.999999999999963;	0.999999999999963;	0.999999999999963;	0.999999999999963;	0.999999999999963;	0.999999999999963;	0.999999999999963;	0.999999999999963;	0.999999999999963;	0.999999999999963;	0.999999999999963;	0.999999999999963;	0.999999999999963;	0.999999999999963;	0.999999999999963;	0.999999999999963;	0.999999999999963;	0.999999999999963;	0.999999999999963;	0.999999999999963;	0.999999999999963;	0.999999999999963;	0.999999999999963;	0.999999999999963;	0.999999999999963;	0.999999999999963;	0.999999999999963;	0.999999999999963;	0.999999999999963;	0.999999999999963;	0.999999999999963;	0.999999999999963;	0.999999999999963;	0.999999999999963;	0.999999999999963;	0.999999999999963;	0.999999999999963;	0.999999999999963;	0.999999999999963;	0.999999999999963;	0.999999999999963;	0.999999999999963;	0.999999999999963;	0.999999999999963;	0.999999999999963;	0.999999999999963;	0.999999999999963;	0.999999999999963;	0.999999999999963;	0.999999999999963;	0.999999999999963;	0.999999999999963;	0.999999999999963;	0.999999999999963;	0.999999999999963;	0.999999999999963;	0.999999999999963;	0.999999999999963;	0.999999999999963;	0.999999999999963;	0.999999999999963;	0.999999999999963;	0.999999999999963;	0.999999999999963;	0.999999999999963
