0.000000000000000;	0.000000000000000;	0.000000000000000;	0.000000000000000;	0.000000000000000;	0.000000000000000;	0.000000000000000;	0.000000000000000;	0.000000000000000;	0.000000000000000;	0.000000000000000;	0.000000000000000;	0.000000000000000;	0.000000000000000;	0.000000000000000;	0.000000000000000;	0.000000000000000;	0.000000000000000;	0.000000000000000;	0.000000000000000;	0.000000000000000;	0.000000000000000;	0.000000000000000;	0.000000000000000;	0.000000000000000;	0.000000000000000;	0.000000000000000;	0.000000000000000;	0.000000000000000;	0.000000000000000;	0.000000000000000;	0.000000000000000;	0.000000000000000;	0.000000000000000;	0.000000000000000;	0.000000000000000;	0.000000000000000;	0.000000000000000;	0.000000000000000;	0.000000000000000;	0.000000000000000;	0.000000000000000;	0.000000000000000;	0.000000000000000;	0.000000000000000;	0.000000000000000;	0.000000000000000;	0.000000000000000;	0.000000000000000;	0.000000000000000;	0.000000000000000;	0.000000000000000;	0.000000000000000;	0.000000000000000;	0.000000000000000;	0.000000000000000;	0.000000000000000;	0.000000000000000;	0.000000000000000;	0.000000000000000;	0.000000000000000;	0.000000000000000;	0.000000000000000;	0.000000000000000;	0.000000000000000;	0.000000000000000;	0.000000000000000;	0.000000000000000;	0.000000000000000;	0.000000000000000;	0.000000000000000;	0.000000000000000;	0.000000000000000;	0.000000000000000;	0.000000000000000;	0.000000000000000;	0.000000000000000;	0.000000000000000;	0.000000000000000;	0.000000000000000;	0.000000000000000;	0.000000000000000;	0.000000000000000;	0.000000000000000;	0.000000000000000;	0.000000000000000;	0.000000000000000;	0.000000000000000;	0.000000000000000;	0.000000000000000;	0.000000000000000;	0.000000000000000;	0.000000000000000;	0.000000000000000;	0.000000000000000;	0.000000000000000;	0.000000000000000;	0.000000000000000;	0.000000000000000;	0.000000000000000
0.000000000000000;	0.000000000000000;	0.000000000000000;	0.000000000000000;	0.000000000000000;	0.000000000000000;	0.000000000000000;	0.000000000000000;	0.000000000000000;	0.000000000000000;	0.000000000000000;	0.000000000000000;	0.000000000000000;	0.000000000000000;	0.000000000000000;	0.000000000000000;	0.000000000000000;	0.000000000000000;	0.000000000000000;	0.000000000000000;	0.000000000000000;	0.000000000000000;	0.000000000000000;	0.000000000000000;	0.000000000000000;	0.000000000000000;	0.000000000000000;	0.000000000000000;	0.000000000000000;	0.000000000000000;	0.000000000000000;	0.000000000000000;	0.000000000000000;	0.000000000000000;	0.000000000000000;	0.000000000000000;	0.000000000000000;	0.000000000000000;	0.000000000000000;	0.000000000000000;	0.000000000000000;	0.000000000000000;	0.000000000000000;	0.000000000000000;	0.000000000000000;	0.000000000000000;	0.000000000000000;	0.000000000000000;	0.000000000000000;	0.000000000000000;	0.000000000000000;	0.000000000000000;	0.000000000000000;	0.000000000000000;	0.000000000000000;	0.000000000000000;	0.000000000000000;	0.000000000000000;	0.000000000000000;	0.000000000000000;	0.000000000000000;	0.000000000000000;	0.000000000000000;	0.000000000000000;	0.000000000000000;	0.000000000000000;	0.000000000000000;	0.000000000000000;	0.000000000000000;	0.000000000000000;	0.000000000000000;	0.000000000000000;	0.000000000000000;	0.000000000000000;	0.000000000000000;	0.000000000000000;	0.000000000000000;	0.000000000000000;	0.000000000000000;	0.000000000000000;	0.000000000000000;	0.000000000000000;	0.000000000000000;	0.000000000000000;	0.000000000000000;	0.000000000000000;	0.000000000000000;	0.000000000000000;	0.000000000000000;	0.000000000000000;	0.000000000000000;	0.000000000000000;	0.000000000000000;	0.000000000000000;	0.000000000000000;	0.000000000000000;	0.000000000000000;	0.000000000000000;	0.000000000000000;	0.000000000000000
0.000000000000000;	0.000000000000000;	0.000000000000000;	0.000000000000000;	0.000000000000000;	0.000000000000000;	0.000000000000000;	0.000000000000000;	0.000000000000000;	0.000000000000000;	0.000000000000000;	0.000000000000000;	0.000000000000000;	0.000000000000000;	0.000000000000000;	0.000000000000000;	0.000000000000000;	0.000000000000000;	0.000000000000000;	0.000000000000000;	0.000000000000000;	0.000000000000000;	0.000000000000000;	0.000000000000000;	0.000000000000000;	0.000000000000000;	0.000000000000000;	0.000000000000000;	0.000000000000000;	0.000000000000000;	0.000000000000000;	0.000000000000000;	0.000000000000000;	0.000000000000000;	0.000000000000000;	0.000000000000000;	0.000000000000000;	0.000000000000000;	0.000000000000000;	0.000000000000000;	0.000000000000000;	0.000000000000000;	0.000000000000000;	0.000000000000000;	0.000000000000000;	0.000000000000000;	0.000000000000000;	0.000000000000000;	0.000000000000000;	0.000000000000000;	0.000000000000000;	0.000000000000000;	0.000000000000000;	0.000000000000000;	0.000000000000000;	0.000000000000000;	0.000000000000000;	0.000000000000000;	0.000000000000000;	0.000000000000000;	0.000000000000000;	0.000000000000000;	0.000000000000000;	0.000000000000000;	0.000000000000000;	0.000000000000000;	0.000000000000000;	0.000000000000000;	0.000000000000000;	0.000000000000000;	0.000000000000000;	0.000000000000000;	0.000000000000000;	0.000000000000000;	0.000000000000000;	0.000000000000000;	0.000000000000000;	0.000000000000000;	0.000000000000000;	0.000000000000000;	0.000000000000000;	0.000000000000000;	0.000000000000000;	0.000000000000000;	0.000000000000000;	0.000000000000000;	0.000000000000000;	0.000000000000000;	0.000000000000000;	0.000000000000000;	0.000000000000000;	0.000000000000000;	0.000000000000000;	0.000000000000000;	0.000000000000000;	0.000000000000000;	0.000000000000000;	0.000000000000000;	0.000000000000000;	0.000000000000000
0.000000000000000;	0.000000000000000;	0.000000000000000;	0.000000000000000;	0.000000000000000;	0.000000000000000;	0.000000000000000;	0.000000000000000;	0.000000000000000;	0.000000000000000;	0.000000000000000;	0.000000000000000;	0.000000000000000;	0.000000000000000;	0.000000000000000;	0.000000000000000;	0.000000000000000;	0.000000000000000;	0.000000000000000;	0.000000000000000;	0.000000000000000;	0.000000000000000;	0.000000000000000;	0.000000000000000;	0.000000000000000;	0.000000000000000;	0.000000000000000;	0.000000000000000;	0.000000000000000;	0.000000000000000;	0.000000000000000;	0.000000000000000;	0.000000000000000;	0.000000000000000;	0.000000000000000;	0.000000000000000;	0.000000000000000;	0.000000000000000;	0.000000000000000;	0.000000000000000;	0.000000000000000;	0.000000000000000;	0.000000000000000;	0.000000000000000;	0.000000000000000;	0.000000000000000;	0.000000000000000;	0.000000000000000;	0.000000000000000;	0.000000000000000;	0.000000000000000;	0.000000000000000;	0.000000000000000;	0.000000000000000;	0.000000000000000;	0.000000000000000;	0.000000000000000;	0.000000000000000;	0.000000000000000;	0.000000000000000;	0.000000000000000;	0.000000000000000;	0.000000000000000;	0.000000000000000;	0.000000000000000;	0.000000000000000;	0.000000000000000;	0.000000000000000;	0.000000000000000;	0.000000000000000;	0.000000000000000;	0.000000000000000;	0.000000000000000;	0.000000000000000;	0.000000000000000;	0.000000000000000;	0.000000000000000;	0.000000000000000;	0.000000000000000;	0.000000000000000;	0.000000000000000;	0.000000000000000;	0.000000000000000;	0.000000000000000;	0.000000000000000;	0.000000000000000;	0.000000000000000;	0.000000000000000;	0.000000000000000;	0.000000000000000;	0.000000000000000;	0.000000000000000;	0.000000000000000;	0.000000000000000;	0.000000000000000;	0.000000000000000;	0.000000000000000;	0.000000000000000;	0.000000000000000;	0.000000000000000
0.000000000000000;	0.000000000000000;	0.000000000000000;	0.000000000000000;	0.000000000000000;	0.000000000000000;	0.000000000000000;	0.000000000000000;	0.000000000000000;	0.000000000000000;	0.000000000000000;	0.000000000000000;	0.000000000000000;	0.000000000000000;	0.000000000000000;	0.000000000000000;	0.000000000000000;	0.000000000000000;	0.000000000000000;	0.000000000000000;	0.000000000000000;	0.000000000000000;	0.000000000000000;	0.000000000000000;	0.000000000000000;	0.000000000000000;	0.000000000000000;	0.000000000000000;	0.000000000000000;	0.000000000000000;	0.000000000000000;	0.000000000000000;	0.000000000000000;	0.000000000000000;	0.000000000000000;	0.000000000000000;	0.000000000000000;	0.000000000000000;	0.000000000000000;	0.000000000000000;	0.000000000000000;	0.000000000000000;	0.000000000000000;	0.000000000000000;	0.000000000000000;	0.000000000000000;	0.000000000000000;	0.000000000000000;	0.000000000000000;	0.000000000000000;	0.000000000000000;	0.000000000000000;	0.000000000000000;	0.000000000000000;	0.000000000000000;	0.000000000000000;	0.000000000000000;	0.000000000000000;	0.000000000000000;	0.000000000000000;	0.000000000000000;	0.000000000000000;	0.000000000000000;	0.000000000000000;	0.000000000000000;	0.000000000000000;	0.000000000000000;	0.000000000000000;	0.000000000000000;	0.000000000000000;	0.000000000000000;	0.000000000000000;	0.000000000000000;	0.000000000000000;	0.000000000000000;	0.000000000000000;	0.000000000000000;	0.000000000000000;	0.000000000000000;	0.000000000000000;	0.000000000000000;	0.000000000000000;	0.000000000000000;	0.000000000000000;	0.000000000000000;	0.000000000000000;	0.000000000000000;	0.000000000000000;	0.000000000000000;	0.000000000000000;	0.000000000000000;	0.000000000000000;	0.000000000000000;	0.000000000000000;	0.000000000000000;	0.000000000000000;	0.000000000000000;	0.000000000000000;	0.000000000000000;	0.000000000000000
0.000000000000000;	0.000000000000000;	0.000000000000000;	0.000000000000000;	0.000000000000000;	0.000000000000000;	0.000000000000000;	0.000000000000000;	0.000000000000000;	0.000000000000000;	0.000000000000000;	0.000000000000000;	0.000000000000000;	0.000000000000000;	0.000000000000000;	0.000000000000000;	0.000000000000000;	0.000000000000000;	0.000000000000000;	0.000000000000000;	0.000000000000000;	0.000000000000000;	0.000000000000000;	0.000000000000000;	0.000000000000000;	0.000000000000000;	0.000000000000000;	0.000000000000000;	0.000000000000000;	0.000000000000000;	0.000000000000000;	0.000000000000000;	0.000000000000000;	0.000000000000000;	0.000000000000000;	0.000000000000000;	0.000000000000000;	0.000000000000000;	0.000000000000000;	0.000000000000000;	0.000000000000000;	0.000000000000000;	0.000000000000000;	0.000000000000000;	0.000000000000000;	0.000000000000000;	0.000000000000000;	0.000000000000000;	0.000000000000000;	0.000000000000000;	0.000000000000000;	0.000000000000000;	0.000000000000000;	0.000000000000000;	0.000000000000000;	0.000000000000000;	0.000000000000000;	0.000000000000000;	0.000000000000000;	0.000000000000000;	0.000000000000000;	0.000000000000000;	0.000000000000000;	0.000000000000000;	0.000000000000000;	0.000000000000000;	0.000000000000000;	0.000000000000000;	0.000000000000000;	0.000000000000000;	0.000000000000000;	0.000000000000000;	0.000000000000000;	0.000000000000000;	0.000000000000000;	0.000000000000000;	0.000000000000000;	0.000000000000000;	0.000000000000000;	0.000000000000000;	0.000000000000000;	0.000000000000000;	0.000000000000000;	0.000000000000000;	0.000000000000000;	0.000000000000000;	0.000000000000000;	0.000000000000000;	0.000000000000000;	0.000000000000000;	0.000000000000000;	0.000000000000000;	0.000000000000000;	0.000000000000000;	0.000000000000000;	0.000000000000000;	0.000000000000000;	0.000000000000000;	0.000000000000000;	0.000000000000000
0.879839296667597;	0.000000000000000;	0.000000000000000;	0.000000000000000;	0.000000000000000;	0.000000000000000;	0.000000000000000;	0.000000000000000;	0.000000000000000;	0.000000000000000;	0.000000000000000;	0.000000000000000;	0.000000000000000;	0.000000000000000;	0.000000000000000;	0.000000000000000;	0.000000000000000;	0.000000000000000;	0.000000000000000;	0.000000000000000;	0.000000000000000;	0.000000000000000;	0.000000000000000;	0.000000000000000;	0.000000000000000;	0.000000000000000;	0.000000000000000;	0.000000000000000;	0.000000000000000;	0.000000000000000;	0.000000000000000;	0.000000000000000;	0.000000000000000;	0.000000000000000;	0.000000000000000;	0.000000000000000;	0.000000000000000;	0.000000000000000;	0.000000000000000;	0.000000000000000;	0.000000000000000;	0.000000000000000;	0.000000000000000;	0.000000000000000;	0.000000000000000;	0.000000000000000;	0.000000000000000;	0.000000000000000;	0.000000000000000;	0.000000000000000;	0.000000000000000;	0.000000000000000;	0.000000000000000;	0.000000000000000;	0.000000000000000;	0.000000000000000;	0.000000000000000;	0.000000000000000;	0.000000000000000;	0.000000000000000;	0.000000000000000;	0.000000000000000;	0.000000000000000;	0.000000000000000;	0.000000000000000;	0.000000000000000;	0.000000000000000;	0.000000000000000;	0.000000000000000;	0.000000000000000;	0.000000000000000;	0.000000000000000;	0.000000000000000;	0.000000000000000;	0.000000000000000;	0.000000000000000;	0.000000000000000;	0.000000000000000;	0.000000000000000;	0.000000000000000;	0.000000000000000;	0.000000000000000;	0.000000000000000;	0.000000000000000;	0.000000000000000;	0.000000000000000;	0.000000000000000;	0.000000000000000;	0.000000000000000;	0.000000000000000;	0.000000000000000;	0.000000000000000;	0.000000000000000;	0.000000000000000;	0.000000000000000;	0.000000000000000;	0.000000000000000;	0.000000000000000;	0.000000000000000;	0.000000000000000
0.883273250634590;	0.000000000000000;	0.000000000000000;	0.000000000000000;	0.000000000000000;	0.000000000000000;	0.000000000000000;	0.000000000000000;	0.000000000000000;	0.000000000000000;	0.000000000000000;	0.000000000000000;	0.000000000000000;	0.000000000000000;	0.000000000000000;	0.000000000000000;	0.000000000000000;	0.000000000000000;	0.000000000000000;	0.000000000000000;	0.000000000000000;	0.000000000000000;	0.000000000000000;	0.000000000000000;	0.000000000000000;	0.000000000000000;	0.000000000000000;	0.000000000000000;	0.000000000000000;	0.000000000000000;	0.000000000000000;	0.000000000000000;	0.000000000000000;	0.000000000000000;	0.000000000000000;	0.000000000000000;	0.000000000000000;	0.000000000000000;	0.000000000000000;	0.000000000000000;	0.000000000000000;	0.000000000000000;	0.000000000000000;	0.000000000000000;	0.000000000000000;	0.000000000000000;	0.000000000000000;	0.000000000000000;	0.000000000000000;	0.000000000000000;	0.000000000000000;	0.000000000000000;	0.000000000000000;	0.000000000000000;	0.000000000000000;	0.000000000000000;	0.000000000000000;	0.000000000000000;	0.000000000000000;	0.000000000000000;	0.000000000000000;	0.000000000000000;	0.000000000000000;	0.000000000000000;	0.000000000000000;	0.000000000000000;	0.000000000000000;	0.000000000000000;	0.000000000000000;	0.000000000000000;	0.000000000000000;	0.000000000000000;	0.000000000000000;	0.000000000000000;	0.000000000000000;	0.000000000000000;	0.000000000000000;	0.000000000000000;	0.000000000000000;	0.000000000000000;	0.000000000000000;	0.000000000000000;	0.000000000000000;	0.000000000000000;	0.000000000000000;	0.000000000000000;	0.000000000000000;	0.000000000000000;	0.000000000000000;	0.000000000000000;	0.000000000000000;	0.000000000000000;	0.000000000000000;	0.000000000000000;	0.000000000000000;	0.000000000000000;	0.000000000000000;	0.000000000000000;	0.000000000000000;	0.000000000000000
0.936984303042002;	0.000000000000000;	0.000000000000000;	0.000000000000000;	0.000000000000000;	0.000000000000000;	0.000000000000000;	0.000000000000000;	0.000000000000000;	0.000000000000000;	0.000000000000000;	0.000000000000000;	0.000000000000000;	0.000000000000000;	0.000000000000000;	0.000000000000000;	0.000000000000000;	0.000000000000000;	0.000000000000000;	0.000000000000000;	0.000000000000000;	0.000000000000000;	0.000000000000000;	0.000000000000000;	0.000000000000000;	0.000000000000000;	0.000000000000000;	0.000000000000000;	0.000000000000000;	0.000000000000000;	0.000000000000000;	0.000000000000000;	0.000000000000000;	0.000000000000000;	0.000000000000000;	0.000000000000000;	0.000000000000000;	0.000000000000000;	0.000000000000000;	0.000000000000000;	0.000000000000000;	0.000000000000000;	0.000000000000000;	0.000000000000000;	0.000000000000000;	0.000000000000000;	0.000000000000000;	0.000000000000000;	0.000000000000000;	0.000000000000000;	0.000000000000000;	0.000000000000000;	0.000000000000000;	0.000000000000000;	0.000000000000000;	0.000000000000000;	0.000000000000000;	0.000000000000000;	0.000000000000000;	0.000000000000000;	0.000000000000000;	0.000000000000000;	0.000000000000000;	0.000000000000000;	0.000000000000000;	0.000000000000000;	0.000000000000000;	0.000000000000000;	0.000000000000000;	0.000000000000000;	0.000000000000000;	0.000000000000000;	0.000000000000000;	0.000000000000000;	0.000000000000000;	0.000000000000000;	0.000000000000000;	0.000000000000000;	0.000000000000000;	0.000000000000000;	0.000000000000000;	0.000000000000000;	0.000000000000000;	0.000000000000000;	0.000000000000000;	0.000000000000000;	0.000000000000000;	0.000000000000000;	0.000000000000000;	0.000000000000000;	0.000000000000000;	0.000000000000000;	0.000000000000000;	0.000000000000000;	0.000000000000000;	0.000000000000000;	0.000000000000000;	0.000000000000000;	0.000000000000000;	0.000000000000000
0.959404724552842;	0.000000000000000;	0.000000000000000;	0.000000000000000;	0.000000000000000;	0.000000000000000;	0.000000000000000;	0.000000000000000;	0.000000000000000;	0.000000000000000;	0.000000000000000;	0.000000000000000;	0.000000000000000;	0.000000000000000;	0.000000000000000;	0.000000000000000;	0.000000000000000;	0.000000000000000;	0.000000000000000;	0.000000000000000;	0.000000000000000;	0.000000000000000;	0.000000000000000;	0.000000000000000;	0.000000000000000;	0.000000000000000;	0.000000000000000;	0.000000000000000;	0.000000000000000;	0.000000000000000;	0.000000000000000;	0.000000000000000;	0.000000000000000;	0.000000000000000;	0.000000000000000;	0.000000000000000;	0.000000000000000;	0.000000000000000;	0.000000000000000;	0.000000000000000;	0.000000000000000;	0.000000000000000;	0.000000000000000;	0.000000000000000;	0.000000000000000;	0.000000000000000;	0.000000000000000;	0.000000000000000;	0.000000000000000;	0.000000000000000;	0.000000000000000;	0.000000000000000;	0.000000000000000;	0.000000000000000;	0.000000000000000;	0.000000000000000;	0.000000000000000;	0.000000000000000;	0.000000000000000;	0.000000000000000;	0.000000000000000;	0.000000000000000;	0.000000000000000;	0.000000000000000;	0.000000000000000;	0.000000000000000;	0.000000000000000;	0.000000000000000;	0.000000000000000;	0.000000000000000;	0.000000000000000;	0.000000000000000;	0.000000000000000;	0.000000000000000;	0.000000000000000;	0.000000000000000;	0.000000000000000;	0.000000000000000;	0.000000000000000;	0.000000000000000;	0.000000000000000;	0.000000000000000;	0.000000000000000;	0.000000000000000;	0.000000000000000;	0.000000000000000;	0.000000000000000;	0.000000000000000;	0.000000000000000;	0.000000000000000;	0.000000000000000;	0.000000000000000;	0.000000000000000;	0.000000000000000;	0.000000000000000;	0.000000000000000;	0.000000000000000;	0.000000000000000;	0.000000000000000;	0.000000000000000
0.999073768362915;	0.000000000000000;	0.000000000000000;	0.000000000000000;	0.000000000000000;	0.000000000000000;	0.000000000000000;	0.000000000000000;	0.000000000000000;	0.000000000000000;	0.000000000000000;	0.000000000000000;	0.000000000000000;	0.000000000000000;	0.000000000000000;	0.000000000000000;	0.000000000000000;	0.000000000000000;	0.000000000000000;	0.000000000000000;	0.000000000000000;	0.000000000000000;	0.000000000000000;	0.000000000000000;	0.000000000000000;	0.000000000000000;	0.000000000000000;	0.000000000000000;	0.000000000000000;	0.000000000000000;	0.000000000000000;	0.000000000000000;	0.000000000000000;	0.000000000000000;	0.000000000000000;	0.000000000000000;	0.000000000000000;	0.000000000000000;	0.000000000000000;	0.000000000000000;	0.000000000000000;	0.000000000000000;	0.000000000000000;	0.000000000000000;	0.000000000000000;	0.000000000000000;	0.000000000000000;	0.000000000000000;	0.000000000000000;	0.000000000000000;	0.000000000000000;	0.000000000000000;	0.000000000000000;	0.000000000000000;	0.000000000000000;	0.000000000000000;	0.000000000000000;	0.000000000000000;	0.000000000000000;	0.000000000000000;	0.000000000000000;	0.000000000000000;	0.000000000000000;	0.000000000000000;	0.000000000000000;	0.000000000000000;	0.000000000000000;	0.000000000000000;	0.000000000000000;	0.000000000000000;	0.000000000000000;	0.000000000000000;	0.000000000000000;	0.000000000000000;	0.000000000000000;	0.000000000000000;	0.000000000000000;	0.000000000000000;	0.000000000000000;	0.000000000000000;	0.000000000000000;	0.000000000000000;	0.000000000000000;	0.000000000000000;	0.000000000000000;	0.000000000000000;	0.000000000000000;	0.000000000000000;	0.000000000000000;	0.000000000000000;	0.000000000000000;	0.000000000000000;	0.000000000000000;	0.000000000000000;	0.000000000000000;	0.000000000000000;	0.000000000000000;	0.000000000000000;	0.000000000000000;	0.000000000000000
1.000000000000000;	1.000000000000000;	0.000000000000000;	0.000000000000000;	0.000000000000000;	0.000000000000000;	0.000000000000000;	0.000000000000000;	0.000000000000000;	0.000000000000000;	0.000000000000000;	0.000000000000000;	0.000000000000000;	0.000000000000000;	0.000000000000000;	0.000000000000000;	0.000000000000000;	0.000000000000000;	0.000000000000000;	0.000000000000000;	0.000000000000000;	0.000000000000000;	0.000000000000000;	0.000000000000000;	0.000000000000000;	0.000000000000000;	0.000000000000000;	0.000000000000000;	0.000000000000000;	0.000000000000000;	0.000000000000000;	0.000000000000000;	0.000000000000000;	0.000000000000000;	0.000000000000000;	0.000000000000000;	0.000000000000000;	0.000000000000000;	0.000000000000000;	0.000000000000000;	0.000000000000000;	0.000000000000000;	0.000000000000000;	0.000000000000000;	0.000000000000000;	0.000000000000000;	0.000000000000000;	0.000000000000000;	0.000000000000000;	0.000000000000000;	0.000000000000000;	0.000000000000000;	0.000000000000000;	0.000000000000000;	0.000000000000000;	0.000000000000000;	0.000000000000000;	0.000000000000000;	0.000000000000000;	0.000000000000000;	0.000000000000000;	0.000000000000000;	0.000000000000000;	0.000000000000000;	0.000000000000000;	0.000000000000000;	0.000000000000000;	0.000000000000000;	0.000000000000000;	0.000000000000000;	0.000000000000000;	0.000000000000000;	0.000000000000000;	0.000000000000000;	0.000000000000000;	0.000000000000000;	0.000000000000000;	0.000000000000000;	0.000000000000000;	0.000000000000000;	0.000000000000000;	0.000000000000000;	0.000000000000000;	0.000000000000000;	0.000000000000000;	0.000000000000000;	0.000000000000000;	0.000000000000000;	0.000000000000000;	0.000000000000000;	0.000000000000000;	0.000000000000000;	0.000000000000000;	0.000000000000000;	0.000000000000000;	0.000000000000000;	0.000000000000000;	0.000000000000000;	0.000000000000000;	0.000000000000000
1.000000000000000;	1.000000000000000;	1.000000000000000;	0.000000000000000;	0.000000000000000;	0.000000000000000;	0.000000000000000;	0.000000000000000;	0.000000000000000;	0.000000000000000;	0.000000000000000;	0.000000000000000;	0.000000000000000;	0.000000000000000;	0.000000000000000;	0.000000000000000;	0.000000000000000;	0.000000000000000;	0.000000000000000;	0.000000000000000;	0.000000000000000;	0.000000000000000;	0.000000000000000;	0.000000000000000;	0.000000000000000;	0.000000000000000;	0.000000000000000;	0.000000000000000;	0.000000000000000;	0.000000000000000;	0.000000000000000;	0.000000000000000;	0.000000000000000;	0.000000000000000;	0.000000000000000;	0.000000000000000;	0.000000000000000;	0.000000000000000;	0.000000000000000;	0.000000000000000;	0.000000000000000;	0.000000000000000;	0.000000000000000;	0.000000000000000;	0.000000000000000;	0.000000000000000;	0.000000000000000;	0.000000000000000;	0.000000000000000;	0.000000000000000;	0.000000000000000;	0.000000000000000;	0.000000000000000;	0.000000000000000;	0.000000000000000;	0.000000000000000;	0.000000000000000;	0.000000000000000;	0.000000000000000;	0.000000000000000;	0.000000000000000;	0.000000000000000;	0.000000000000000;	0.000000000000000;	0.000000000000000;	0.000000000000000;	0.000000000000000;	0.000000000000000;	0.000000000000000;	0.000000000000000;	0.000000000000000;	0.000000000000000;	0.000000000000000;	0.000000000000000;	0.000000000000000;	0.000000000000000;	0.000000000000000;	0.000000000000000;	0.000000000000000;	0.000000000000000;	0.000000000000000;	0.000000000000000;	0.000000000000000;	0.000000000000000;	0.000000000000000;	0.000000000000000;	0.000000000000000;	0.000000000000000;	0.000000000000000;	0.000000000000000;	0.000000000000000;	0.000000000000000;	0.000000000000000;	0.000000000000000;	0.000000000000000;	0.000000000000000;	0.000000000000000;	0.000000000000000;	0.000000000000000;	0.000000000000000
1.000000000000000;	1.000000000000000;	1.000000000000000;	1.000000000000000;	0.000000000000000;	0.000000000000000;	0.000000000000000;	0.000000000000000;	0.000000000000000;	0.000000000000000;	0.000000000000000;	0.000000000000000;	0.000000000000000;	0.000000000000000;	0.000000000000000;	0.000000000000000;	0.000000000000000;	0.000000000000000;	0.000000000000000;	0.000000000000000;	0.000000000000000;	0.000000000000000;	0.000000000000000;	0.000000000000000;	0.000000000000000;	0.000000000000000;	0.000000000000000;	0.000000000000000;	0.000000000000000;	0.000000000000000;	0.000000000000000;	0.000000000000000;	0.000000000000000;	0.000000000000000;	0.000000000000000;	0.000000000000000;	0.000000000000000;	0.000000000000000;	0.000000000000000;	0.000000000000000;	0.000000000000000;	0.000000000000000;	0.000000000000000;	0.000000000000000;	0.000000000000000;	0.000000000000000;	0.000000000000000;	0.000000000000000;	0.000000000000000;	0.000000000000000;	0.000000000000000;	0.000000000000000;	0.000000000000000;	0.000000000000000;	0.000000000000000;	0.000000000000000;	0.000000000000000;	0.000000000000000;	0.000000000000000;	0.000000000000000;	0.000000000000000;	0.000000000000000;	0.000000000000000;	0.000000000000000;	0.000000000000000;	0.000000000000000;	0.000000000000000;	0.000000000000000;	0.000000000000000;	0.000000000000000;	0.000000000000000;	0.000000000000000;	0.000000000000000;	0.000000000000000;	0.000000000000000;	0.000000000000000;	0.000000000000000;	0.000000000000000;	0.000000000000000;	0.000000000000000;	0.000000000000000;	0.000000000000000;	0.000000000000000;	0.000000000000000;	0.000000000000000;	0.000000000000000;	0.000000000000000;	0.000000000000000;	0.000000000000000;	0.000000000000000;	0.000000000000000;	0.000000000000000;	0.000000000000000;	0.000000000000000;	0.000000000000000;	0.000000000000000;	0.000000000000000;	0.000000000000000;	0.000000000000000;	0.000000000000000
1.000000000000000;	1.000000000000000;	1.000000000000000;	1.000000000000000;	1.000000000000000;	0.000000000000000;	0.000000000000000;	0.000000000000000;	0.000000000000000;	0.000000000000000;	0.000000000000000;	0.000000000000000;	0.000000000000000;	0.000000000000000;	0.000000000000000;	0.000000000000000;	0.000000000000000;	0.000000000000000;	0.000000000000000;	0.000000000000000;	0.000000000000000;	0.000000000000000;	0.000000000000000;	0.000000000000000;	0.000000000000000;	0.000000000000000;	0.000000000000000;	0.000000000000000;	0.000000000000000;	0.000000000000000;	0.000000000000000;	0.000000000000000;	0.000000000000000;	0.000000000000000;	0.000000000000000;	0.000000000000000;	0.000000000000000;	0.000000000000000;	0.000000000000000;	0.000000000000000;	0.000000000000000;	0.000000000000000;	0.000000000000000;	0.000000000000000;	0.000000000000000;	0.000000000000000;	0.000000000000000;	0.000000000000000;	0.000000000000000;	0.000000000000000;	0.000000000000000;	0.000000000000000;	0.000000000000000;	0.000000000000000;	0.000000000000000;	0.000000000000000;	0.000000000000000;	0.000000000000000;	0.000000000000000;	0.000000000000000;	0.000000000000000;	0.000000000000000;	0.000000000000000;	0.000000000000000;	0.000000000000000;	0.000000000000000;	0.000000000000000;	0.000000000000000;	0.000000000000000;	0.000000000000000;	0.000000000000000;	0.000000000000000;	0.000000000000000;	0.000000000000000;	0.000000000000000;	0.000000000000000;	0.000000000000000;	0.000000000000000;	0.000000000000000;	0.000000000000000;	0.000000000000000;	0.000000000000000;	0.000000000000000;	0.000000000000000;	0.000000000000000;	0.000000000000000;	0.000000000000000;	0.000000000000000;	0.000000000000000;	0.000000000000000;	0.000000000000000;	0.000000000000000;	0.000000000000000;	0.000000000000000;	0.000000000000000;	0.000000000000000;	0.000000000000000;	0.000000000000000;	0.000000000000000;	0.000000000000000
1.000000000000000;	1.000000000000000;	1.000000000000000;	1.000000000000000;	1.000000000000000;	1.000000000000000;	0.000000000000000;	0.000000000000000;	0.000000000000000;	0.000000000000000;	0.000000000000000;	0.000000000000000;	0.000000000000000;	0.000000000000000;	0.000000000000000;	0.000000000000000;	0.000000000000000;	0.000000000000000;	0.000000000000000;	0.000000000000000;	0.000000000000000;	0.000000000000000;	0.000000000000000;	0.000000000000000;	0.000000000000000;	0.000000000000000;	0.000000000000000;	0.000000000000000;	0.000000000000000;	0.000000000000000;	0.000000000000000;	0.000000000000000;	0.000000000000000;	0.000000000000000;	0.000000000000000;	0.000000000000000;	0.000000000000000;	0.000000000000000;	0.000000000000000;	0.000000000000000;	0.000000000000000;	0.000000000000000;	0.000000000000000;	0.000000000000000;	0.000000000000000;	0.000000000000000;	0.000000000000000;	0.000000000000000;	0.000000000000000;	0.000000000000000;	0.000000000000000;	0.000000000000000;	0.000000000000000;	0.000000000000000;	0.000000000000000;	0.000000000000000;	0.000000000000000;	0.000000000000000;	0.000000000000000;	0.000000000000000;	0.000000000000000;	0.000000000000000;	0.000000000000000;	0.000000000000000;	0.000000000000000;	0.000000000000000;	0.000000000000000;	0.000000000000000;	0.000000000000000;	0.000000000000000;	0.000000000000000;	0.000000000000000;	0.000000000000000;	0.000000000000000;	0.000000000000000;	0.000000000000000;	0.000000000000000;	0.000000000000000;	0.000000000000000;	0.000000000000000;	0.000000000000000;	0.000000000000000;	0.000000000000000;	0.000000000000000;	0.000000000000000;	0.000000000000000;	0.000000000000000;	0.000000000000000;	0.000000000000000;	0.000000000000000;	0.000000000000000;	0.000000000000000;	0.000000000000000;	0.000000000000000;	0.000000000000000;	0.000000000000000;	0.000000000000000;	0.000000000000000;	0.000000000000000;	0.000000000000000
1.000000000000000;	1.000000000000000;	1.000000000000000;	1.000000000000000;	1.000000000000000;	1.000000000000000;	1.000000000000000;	0.000000000000000;	0.000000000000000;	0.000000000000000;	0.000000000000000;	0.000000000000000;	0.000000000000000;	0.000000000000000;	0.000000000000000;	0.000000000000000;	0.000000000000000;	0.000000000000000;	0.000000000000000;	0.000000000000000;	0.000000000000000;	0.000000000000000;	0.000000000000000;	0.000000000000000;	0.000000000000000;	0.000000000000000;	0.000000000000000;	0.000000000000000;	0.000000000000000;	0.000000000000000;	0.000000000000000;	0.000000000000000;	0.000000000000000;	0.000000000000000;	0.000000000000000;	0.000000000000000;	0.000000000000000;	0.000000000000000;	0.000000000000000;	0.000000000000000;	0.000000000000000;	0.000000000000000;	0.000000000000000;	0.000000000000000;	0.000000000000000;	0.000000000000000;	0.000000000000000;	0.000000000000000;	0.000000000000000;	0.000000000000000;	0.000000000000000;	0.000000000000000;	0.000000000000000;	0.000000000000000;	0.000000000000000;	0.000000000000000;	0.000000000000000;	0.000000000000000;	0.000000000000000;	0.000000000000000;	0.000000000000000;	0.000000000000000;	0.000000000000000;	0.000000000000000;	0.000000000000000;	0.000000000000000;	0.000000000000000;	0.000000000000000;	0.000000000000000;	0.000000000000000;	0.000000000000000;	0.000000000000000;	0.000000000000000;	0.000000000000000;	0.000000000000000;	0.000000000000000;	0.000000000000000;	0.000000000000000;	0.000000000000000;	0.000000000000000;	0.000000000000000;	0.000000000000000;	0.000000000000000;	0.000000000000000;	0.000000000000000;	0.000000000000000;	0.000000000000000;	0.000000000000000;	0.000000000000000;	0.000000000000000;	0.000000000000000;	0.000000000000000;	0.000000000000000;	0.000000000000000;	0.000000000000000;	0.000000000000000;	0.000000000000000;	0.000000000000000;	0.000000000000000;	0.000000000000000
1.000000000000000;	1.000000000000000;	1.000000000000000;	1.000000000000000;	1.000000000000000;	1.000000000000000;	1.000000000000000;	1.000000000000000;	0.000000000000000;	0.000000000000000;	0.000000000000000;	0.000000000000000;	0.000000000000000;	0.000000000000000;	0.000000000000000;	0.000000000000000;	0.000000000000000;	0.000000000000000;	0.000000000000000;	0.000000000000000;	0.000000000000000;	0.000000000000000;	0.000000000000000;	0.000000000000000;	0.000000000000000;	0.000000000000000;	0.000000000000000;	0.000000000000000;	0.000000000000000;	0.000000000000000;	0.000000000000000;	0.000000000000000;	0.000000000000000;	0.000000000000000;	0.000000000000000;	0.000000000000000;	0.000000000000000;	0.000000000000000;	0.000000000000000;	0.000000000000000;	0.000000000000000;	0.000000000000000;	0.000000000000000;	0.000000000000000;	0.000000000000000;	0.000000000000000;	0.000000000000000;	0.000000000000000;	0.000000000000000;	0.000000000000000;	0.000000000000000;	0.000000000000000;	0.000000000000000;	0.000000000000000;	0.000000000000000;	0.000000000000000;	0.000000000000000;	0.000000000000000;	0.000000000000000;	0.000000000000000;	0.000000000000000;	0.000000000000000;	0.000000000000000;	0.000000000000000;	0.000000000000000;	0.000000000000000;	0.000000000000000;	0.000000000000000;	0.000000000000000;	0.000000000000000;	0.000000000000000;	0.000000000000000;	0.000000000000000;	0.000000000000000;	0.000000000000000;	0.000000000000000;	0.000000000000000;	0.000000000000000;	0.000000000000000;	0.000000000000000;	0.000000000000000;	0.000000000000000;	0.000000000000000;	0.000000000000000;	0.000000000000000;	0.000000000000000;	0.000000000000000;	0.000000000000000;	0.000000000000000;	0.000000000000000;	0.000000000000000;	0.000000000000000;	0.000000000000000;	0.000000000000000;	0.000000000000000;	0.000000000000000;	0.000000000000000;	0.000000000000000;	0.000000000000000;	0.000000000000000
1.000000000000000;	1.000000000000000;	1.000000000000000;	1.000000000000000;	1.000000000000000;	1.000000000000000;	1.000000000000000;	1.000000000000000;	1.000000000000000;	0.000000000000000;	0.000000000000000;	0.000000000000000;	0.000000000000000;	0.000000000000000;	0.000000000000000;	0.000000000000000;	0.000000000000000;	0.000000000000000;	0.000000000000000;	0.000000000000000;	0.000000000000000;	0.000000000000000;	0.000000000000000;	0.000000000000000;	0.000000000000000;	0.000000000000000;	0.000000000000000;	0.000000000000000;	0.000000000000000;	0.000000000000000;	0.000000000000000;	0.000000000000000;	0.000000000000000;	0.000000000000000;	0.000000000000000;	0.000000000000000;	0.000000000000000;	0.000000000000000;	0.000000000000000;	0.000000000000000;	0.000000000000000;	0.000000000000000;	0.000000000000000;	0.000000000000000;	0.000000000000000;	0.000000000000000;	0.000000000000000;	0.000000000000000;	0.000000000000000;	0.000000000000000;	0.000000000000000;	0.000000000000000;	0.000000000000000;	0.000000000000000;	0.000000000000000;	0.000000000000000;	0.000000000000000;	0.000000000000000;	0.000000000000000;	0.000000000000000;	0.000000000000000;	0.000000000000000;	0.000000000000000;	0.000000000000000;	0.000000000000000;	0.000000000000000;	0.000000000000000;	0.000000000000000;	0.000000000000000;	0.000000000000000;	0.000000000000000;	0.000000000000000;	0.000000000000000;	0.000000000000000;	0.000000000000000;	0.000000000000000;	0.000000000000000;	0.000000000000000;	0.000000000000000;	0.000000000000000;	0.000000000000000;	0.000000000000000;	0.000000000000000;	0.000000000000000;	0.000000000000000;	0.000000000000000;	0.000000000000000;	0.000000000000000;	0.000000000000000;	0.000000000000000;	0.000000000000000;	0.000000000000000;	0.000000000000000;	0.000000000000000;	0.000000000000000;	0.000000000000000;	0.000000000000000;	0.000000000000000;	0.000000000000000;	0.000000000000000
1.000000000000000;	1.000000000000000;	1.000000000000000;	1.000000000000000;	1.000000000000000;	1.000000000000000;	1.000000000000000;	1.000000000000000;	1.000000000000000;	1.000000000000000;	1.000000000000000;	0.000000000000000;	0.000000000000000;	0.000000000000000;	0.000000000000000;	0.000000000000000;	0.000000000000000;	0.000000000000000;	0.000000000000000;	0.000000000000000;	0.000000000000000;	0.000000000000000;	0.000000000000000;	0.000000000000000;	0.000000000000000;	0.000000000000000;	0.000000000000000;	0.000000000000000;	0.000000000000000;	0.000000000000000;	0.000000000000000;	0.000000000000000;	0.000000000000000;	0.000000000000000;	0.000000000000000;	0.000000000000000;	0.000000000000000;	0.000000000000000;	0.000000000000000;	0.000000000000000;	0.000000000000000;	0.000000000000000;	0.000000000000000;	0.000000000000000;	0.000000000000000;	0.000000000000000;	0.000000000000000;	0.000000000000000;	0.000000000000000;	0.000000000000000;	0.000000000000000;	0.000000000000000;	0.000000000000000;	0.000000000000000;	0.000000000000000;	0.000000000000000;	0.000000000000000;	0.000000000000000;	0.000000000000000;	0.000000000000000;	0.000000000000000;	0.000000000000000;	0.000000000000000;	0.000000000000000;	0.000000000000000;	0.000000000000000;	0.000000000000000;	0.000000000000000;	0.000000000000000;	0.000000000000000;	0.000000000000000;	0.000000000000000;	0.000000000000000;	0.000000000000000;	0.000000000000000;	0.000000000000000;	0.000000000000000;	0.000000000000000;	0.000000000000000;	0.000000000000000;	0.000000000000000;	0.000000000000000;	0.000000000000000;	0.000000000000000;	0.000000000000000;	0.000000000000000;	0.000000000000000;	0.000000000000000;	0.000000000000000;	0.000000000000000;	0.000000000000000;	0.000000000000000;	0.000000000000000;	0.000000000000000;	0.000000000000000;	0.000000000000000;	0.000000000000000;	0.000000000000000;	0.000000000000000;	0.000000000000000
1.000000000000000;	1.000000000000000;	1.000000000000000;	1.000000000000000;	1.000000000000000;	1.000000000000000;	1.000000000000000;	1.000000000000000;	1.000000000000000;	1.000000000000000;	1.000000000000000;	1.000000000000000;	0.000000000000000;	0.000000000000000;	0.000000000000000;	0.000000000000000;	0.000000000000000;	0.000000000000000;	0.000000000000000;	0.000000000000000;	0.000000000000000;	0.000000000000000;	0.000000000000000;	0.000000000000000;	0.000000000000000;	0.000000000000000;	0.000000000000000;	0.000000000000000;	0.000000000000000;	0.000000000000000;	0.000000000000000;	0.000000000000000;	0.000000000000000;	0.000000000000000;	0.000000000000000;	0.000000000000000;	0.000000000000000;	0.000000000000000;	0.000000000000000;	0.000000000000000;	0.000000000000000;	0.000000000000000;	0.000000000000000;	0.000000000000000;	0.000000000000000;	0.000000000000000;	0.000000000000000;	0.000000000000000;	0.000000000000000;	0.000000000000000;	0.000000000000000;	0.000000000000000;	0.000000000000000;	0.000000000000000;	0.000000000000000;	0.000000000000000;	0.000000000000000;	0.000000000000000;	0.000000000000000;	0.000000000000000;	0.000000000000000;	0.000000000000000;	0.000000000000000;	0.000000000000000;	0.000000000000000;	0.000000000000000;	0.000000000000000;	0.000000000000000;	0.000000000000000;	0.000000000000000;	0.000000000000000;	0.000000000000000;	0.000000000000000;	0.000000000000000;	0.000000000000000;	0.000000000000000;	0.000000000000000;	0.000000000000000;	0.000000000000000;	0.000000000000000;	0.000000000000000;	0.000000000000000;	0.000000000000000;	0.000000000000000;	0.000000000000000;	0.000000000000000;	0.000000000000000;	0.000000000000000;	0.000000000000000;	0.000000000000000;	0.000000000000000;	0.000000000000000;	0.000000000000000;	0.000000000000000;	0.000000000000000;	0.000000000000000;	0.000000000000000;	0.000000000000000;	0.000000000000000;	0.000000000000000
1.000000000000000;	1.000000000000000;	1.000000000000000;	1.000000000000000;	1.000000000000000;	1.000000000000000;	1.000000000000000;	1.000000000000000;	1.000000000000000;	1.000000000000000;	1.000000000000000;	1.000000000000000;	1.000000000000000;	1.000000000000000;	0.000000000000000;	0.000000000000000;	0.000000000000000;	0.000000000000000;	0.000000000000000;	0.000000000000000;	0.000000000000000;	0.000000000000000;	0.000000000000000;	0.000000000000000;	0.000000000000000;	0.000000000000000;	0.000000000000000;	0.000000000000000;	0.000000000000000;	0.000000000000000;	0.000000000000000;	0.000000000000000;	0.000000000000000;	0.000000000000000;	0.000000000000000;	0.000000000000000;	0.000000000000000;	0.000000000000000;	0.000000000000000;	0.000000000000000;	0.000000000000000;	0.000000000000000;	0.000000000000000;	0.000000000000000;	0.000000000000000;	0.000000000000000;	0.000000000000000;	0.000000000000000;	0.000000000000000;	0.000000000000000;	0.000000000000000;	0.000000000000000;	0.000000000000000;	0.000000000000000;	0.000000000000000;	0.000000000000000;	0.000000000000000;	0.000000000000000;	0.000000000000000;	0.000000000000000;	0.000000000000000;	0.000000000000000;	0.000000000000000;	0.000000000000000;	0.000000000000000;	0.000000000000000;	0.000000000000000;	0.000000000000000;	0.000000000000000;	0.000000000000000;	0.000000000000000;	0.000000000000000;	0.000000000000000;	0.000000000000000;	0.000000000000000;	0.000000000000000;	0.000000000000000;	0.000000000000000;	0.000000000000000;	0.000000000000000;	0.000000000000000;	0.000000000000000;	0.000000000000000;	0.000000000000000;	0.000000000000000;	0.000000000000000;	0.000000000000000;	0.000000000000000;	0.000000000000000;	0.000000000000000;	0.000000000000000;	0.000000000000000;	0.000000000000000;	0.000000000000000;	0.000000000000000;	0.000000000000000;	0.000000000000000;	0.000000000000000;	0.000000000000000;	0.000000000000000
1.000000000000000;	1.000000000000000;	1.000000000000000;	1.000000000000000;	1.000000000000000;	1.000000000000000;	1.000000000000000;	1.000000000000000;	1.000000000000000;	1.000000000000000;	1.000000000000000;	1.000000000000000;	1.000000000000000;	1.000000000000000;	1.000000000000000;	0.000000000000000;	0.000000000000000;	0.000000000000000;	0.000000000000000;	0.000000000000000;	0.000000000000000;	0.000000000000000;	0.000000000000000;	0.000000000000000;	0.000000000000000;	0.000000000000000;	0.000000000000000;	0.000000000000000;	0.000000000000000;	0.000000000000000;	0.000000000000000;	0.000000000000000;	0.000000000000000;	0.000000000000000;	0.000000000000000;	0.000000000000000;	0.000000000000000;	0.000000000000000;	0.000000000000000;	0.000000000000000;	0.000000000000000;	0.000000000000000;	0.000000000000000;	0.000000000000000;	0.000000000000000;	0.000000000000000;	0.000000000000000;	0.000000000000000;	0.000000000000000;	0.000000000000000;	0.000000000000000;	0.000000000000000;	0.000000000000000;	0.000000000000000;	0.000000000000000;	0.000000000000000;	0.000000000000000;	0.000000000000000;	0.000000000000000;	0.000000000000000;	0.000000000000000;	0.000000000000000;	0.000000000000000;	0.000000000000000;	0.000000000000000;	0.000000000000000;	0.000000000000000;	0.000000000000000;	0.000000000000000;	0.000000000000000;	0.000000000000000;	0.000000000000000;	0.000000000000000;	0.000000000000000;	0.000000000000000;	0.000000000000000;	0.000000000000000;	0.000000000000000;	0.000000000000000;	0.000000000000000;	0.000000000000000;	0.000000000000000;	0.000000000000000;	0.000000000000000;	0.000000000000000;	0.000000000000000;	0.000000000000000;	0.000000000000000;	0.000000000000000;	0.000000000000000;	0.000000000000000;	0.000000000000000;	0.000000000000000;	0.000000000000000;	0.000000000000000;	0.000000000000000;	0.000000000000000;	0.000000000000000;	0.000000000000000;	0.000000000000000
1.000000000000000;	1.000000000000000;	1.000000000000000;	1.000000000000000;	1.000000000000000;	1.000000000000000;	1.000000000000000;	1.000000000000000;	1.000000000000000;	1.000000000000000;	1.000000000000000;	1.000000000000000;	1.000000000000000;	1.000000000000000;	1.000000000000000;	1.000000000000000;	1.000000000000000;	0.000000000000000;	0.000000000000000;	0.000000000000000;	0.000000000000000;	0.000000000000000;	0.000000000000000;	0.000000000000000;	0.000000000000000;	0.000000000000000;	0.000000000000000;	0.000000000000000;	0.000000000000000;	0.000000000000000;	0.000000000000000;	0.000000000000000;	0.000000000000000;	0.000000000000000;	0.000000000000000;	0.000000000000000;	0.000000000000000;	0.000000000000000;	0.000000000000000;	0.000000000000000;	0.000000000000000;	0.000000000000000;	0.000000000000000;	0.000000000000000;	0.000000000000000;	0.000000000000000;	0.000000000000000;	0.000000000000000;	0.000000000000000;	0.000000000000000;	0.000000000000000;	0.000000000000000;	0.000000000000000;	0.000000000000000;	0.000000000000000;	0.000000000000000;	0.000000000000000;	0.000000000000000;	0.000000000000000;	0.000000000000000;	0.000000000000000;	0.000000000000000;	0.000000000000000;	0.000000000000000;	0.000000000000000;	0.000000000000000;	0.000000000000000;	0.000000000000000;	0.000000000000000;	0.000000000000000;	0.000000000000000;	0.000000000000000;	0.000000000000000;	0.000000000000000;	0.000000000000000;	0.000000000000000;	0.000000000000000;	0.000000000000000;	0.000000000000000;	0.000000000000000;	0.000000000000000;	0.000000000000000;	0.000000000000000;	0.000000000000000;	0.000000000000000;	0.000000000000000;	0.000000000000000;	0.000000000000000;	0.000000000000000;	0.000000000000000;	0.000000000000000;	0.000000000000000;	0.000000000000000;	0.000000000000000;	0.000000000000000;	0.000000000000000;	0.000000000000000;	0.000000000000000;	0.000000000000000;	0.000000000000000
1.000000000000000;	1.000000000000000;	1.000000000000000;	1.000000000000000;	1.000000000000000;	1.000000000000000;	1.000000000000000;	1.000000000000000;	1.000000000000000;	1.000000000000000;	1.000000000000000;	1.000000000000000;	1.000000000000000;	1.000000000000000;	1.000000000000000;	1.000000000000000;	1.000000000000000;	1.000000000000000;	1.000000000000000;	0.000000000000000;	0.000000000000000;	0.000000000000000;	0.000000000000000;	0.000000000000000;	0.000000000000000;	0.000000000000000;	0.000000000000000;	0.000000000000000;	0.000000000000000;	0.000000000000000;	0.000000000000000;	0.000000000000000;	0.000000000000000;	0.000000000000000;	0.000000000000000;	0.000000000000000;	0.000000000000000;	0.000000000000000;	0.000000000000000;	0.000000000000000;	0.000000000000000;	0.000000000000000;	0.000000000000000;	0.000000000000000;	0.000000000000000;	0.000000000000000;	0.000000000000000;	0.000000000000000;	0.000000000000000;	0.000000000000000;	0.000000000000000;	0.000000000000000;	0.000000000000000;	0.000000000000000;	0.000000000000000;	0.000000000000000;	0.000000000000000;	0.000000000000000;	0.000000000000000;	0.000000000000000;	0.000000000000000;	0.000000000000000;	0.000000000000000;	0.000000000000000;	0.000000000000000;	0.000000000000000;	0.000000000000000;	0.000000000000000;	0.000000000000000;	0.000000000000000;	0.000000000000000;	0.000000000000000;	0.000000000000000;	0.000000000000000;	0.000000000000000;	0.000000000000000;	0.000000000000000;	0.000000000000000;	0.000000000000000;	0.000000000000000;	0.000000000000000;	0.000000000000000;	0.000000000000000;	0.000000000000000;	0.000000000000000;	0.000000000000000;	0.000000000000000;	0.000000000000000;	0.000000000000000;	0.000000000000000;	0.000000000000000;	0.000000000000000;	0.000000000000000;	0.000000000000000;	0.000000000000000;	0.000000000000000;	0.000000000000000;	0.000000000000000;	0.000000000000000;	0.000000000000000
1.000000000000000;	1.000000000000000;	1.000000000000000;	1.000000000000000;	1.000000000000000;	1.000000000000000;	1.000000000000000;	1.000000000000000;	1.000000000000000;	1.000000000000000;	1.000000000000000;	1.000000000000000;	1.000000000000000;	1.000000000000000;	1.000000000000000;	1.000000000000000;	1.000000000000000;	1.000000000000000;	1.000000000000000;	1.000000000000000;	1.000000000000000;	0.000000000000000;	0.000000000000000;	0.000000000000000;	0.000000000000000;	0.000000000000000;	0.000000000000000;	0.000000000000000;	0.000000000000000;	0.000000000000000;	0.000000000000000;	0.000000000000000;	0.000000000000000;	0.000000000000000;	0.000000000000000;	0.000000000000000;	0.000000000000000;	0.000000000000000;	0.000000000000000;	0.000000000000000;	0.000000000000000;	0.000000000000000;	0.000000000000000;	0.000000000000000;	0.000000000000000;	0.000000000000000;	0.000000000000000;	0.000000000000000;	0.000000000000000;	0.000000000000000;	0.000000000000000;	0.000000000000000;	0.000000000000000;	0.000000000000000;	0.000000000000000;	0.000000000000000;	0.000000000000000;	0.000000000000000;	0.000000000000000;	0.000000000000000;	0.000000000000000;	0.000000000000000;	0.000000000000000;	0.000000000000000;	0.000000000000000;	0.000000000000000;	0.000000000000000;	0.000000000000000;	0.000000000000000;	0.000000000000000;	0.000000000000000;	0.000000000000000;	0.000000000000000;	0.000000000000000;	0.000000000000000;	0.000000000000000;	0.000000000000000;	0.000000000000000;	0.000000000000000;	0.000000000000000;	0.000000000000000;	0.000000000000000;	0.000000000000000;	0.000000000000000;	0.000000000000000;	0.000000000000000;	0.000000000000000;	0.000000000000000;	0.000000000000000;	0.000000000000000;	0.000000000000000;	0.000000000000000;	0.000000000000000;	0.000000000000000;	0.000000000000000;	0.000000000000000;	0.000000000000000;	0.000000000000000;	0.000000000000000;	0.000000000000000
1.000000000000000;	1.000000000000000;	1.000000000000000;	1.000000000000000;	1.000000000000000;	1.000000000000000;	1.000000000000000;	1.000000000000000;	1.000000000000000;	1.000000000000000;	1.000000000000000;	1.000000000000000;	1.000000000000000;	1.000000000000000;	1.000000000000000;	1.000000000000000;	1.000000000000000;	1.000000000000000;	1.000000000000000;	1.000000000000000;	1.000000000000000;	1.000000000000000;	1.000000000000000;	1.000000000000000;	0.000000000000000;	0.000000000000000;	0.000000000000000;	0.000000000000000;	0.000000000000000;	0.000000000000000;	0.000000000000000;	0.000000000000000;	0.000000000000000;	0.000000000000000;	0.000000000000000;	0.000000000000000;	0.000000000000000;	0.000000000000000;	0.000000000000000;	0.000000000000000;	0.000000000000000;	0.000000000000000;	0.000000000000000;	0.000000000000000;	0.000000000000000;	0.000000000000000;	0.000000000000000;	0.000000000000000;	0.000000000000000;	0.000000000000000;	0.000000000000000;	0.000000000000000;	0.000000000000000;	0.000000000000000;	0.000000000000000;	0.000000000000000;	0.000000000000000;	0.000000000000000;	0.000000000000000;	0.000000000000000;	0.000000000000000;	0.000000000000000;	0.000000000000000;	0.000000000000000;	0.000000000000000;	0.000000000000000;	0.000000000000000;	0.000000000000000;	0.000000000000000;	0.000000000000000;	0.000000000000000;	0.000000000000000;	0.000000000000000;	0.000000000000000;	0.000000000000000;	0.000000000000000;	0.000000000000000;	0.000000000000000;	0.000000000000000;	0.000000000000000;	0.000000000000000;	0.000000000000000;	0.000000000000000;	0.000000000000000;	0.000000000000000;	0.000000000000000;	0.000000000000000;	0.000000000000000;	0.000000000000000;	0.000000000000000;	0.000000000000000;	0.000000000000000;	0.000000000000000;	0.000000000000000;	0.000000000000000;	0.000000000000000;	0.000000000000000;	0.000000000000000;	0.000000000000000;	0.000000000000000
1.000000000000000;	1.000000000000000;	1.000000000000000;	1.000000000000000;	1.000000000000000;	1.000000000000000;	1.000000000000000;	1.000000000000000;	1.000000000000000;	1.000000000000000;	1.000000000000000;	1.000000000000000;	1.000000000000000;	1.000000000000000;	1.000000000000000;	1.000000000000000;	1.000000000000000;	1.000000000000000;	1.000000000000000;	1.000000000000000;	1.000000000000000;	1.000000000000000;	1.000000000000000;	1.000000000000000;	1.000000000000000;	1.000000000000000;	1.000000000000000;	0.000000000000000;	0.000000000000000;	0.000000000000000;	0.000000000000000;	0.000000000000000;	0.000000000000000;	0.000000000000000;	0.000000000000000;	0.000000000000000;	0.000000000000000;	0.000000000000000;	0.000000000000000;	0.000000000000000;	0.000000000000000;	0.000000000000000;	0.000000000000000;	0.000000000000000;	0.000000000000000;	0.000000000000000;	0.000000000000000;	0.000000000000000;	0.000000000000000;	0.000000000000000;	0.000000000000000;	0.000000000000000;	0.000000000000000;	0.000000000000000;	0.000000000000000;	0.000000000000000;	0.000000000000000;	0.000000000000000;	0.000000000000000;	0.000000000000000;	0.000000000000000;	0.000000000000000;	0.000000000000000;	0.000000000000000;	0.000000000000000;	0.000000000000000;	0.000000000000000;	0.000000000000000;	0.000000000000000;	0.000000000000000;	0.000000000000000;	0.000000000000000;	0.000000000000000;	0.000000000000000;	0.000000000000000;	0.000000000000000;	0.000000000000000;	0.000000000000000;	0.000000000000000;	0.000000000000000;	0.000000000000000;	0.000000000000000;	0.000000000000000;	0.000000000000000;	0.000000000000000;	0.000000000000000;	0.000000000000000;	0.000000000000000;	0.000000000000000;	0.000000000000000;	0.000000000000000;	0.000000000000000;	0.000000000000000;	0.000000000000000;	0.000000000000000;	0.000000000000000;	0.000000000000000;	0.000000000000000;	0.000000000000000;	0.000000000000000
1.000000000000000;	1.000000000000000;	1.000000000000000;	1.000000000000000;	1.000000000000000;	1.000000000000000;	1.000000000000000;	1.000000000000000;	1.000000000000000;	1.000000000000000;	1.000000000000000;	1.000000000000000;	1.000000000000000;	1.000000000000000;	1.000000000000000;	1.000000000000000;	1.000000000000000;	1.000000000000000;	1.000000000000000;	1.000000000000000;	1.000000000000000;	1.000000000000000;	1.000000000000000;	1.000000000000000;	1.000000000000000;	1.000000000000000;	1.000000000000000;	1.000000000000000;	1.000000000000000;	1.000000000000000;	0.000000000000000;	0.000000000000000;	0.000000000000000;	0.000000000000000;	0.000000000000000;	0.000000000000000;	0.000000000000000;	0.000000000000000;	0.000000000000000;	0.000000000000000;	0.000000000000000;	0.000000000000000;	0.000000000000000;	0.000000000000000;	0.000000000000000;	0.000000000000000;	0.000000000000000;	0.000000000000000;	0.000000000000000;	0.000000000000000;	0.000000000000000;	0.000000000000000;	0.000000000000000;	0.000000000000000;	0.000000000000000;	0.000000000000000;	0.000000000000000;	0.000000000000000;	0.000000000000000;	0.000000000000000;	0.000000000000000;	0.000000000000000;	0.000000000000000;	0.000000000000000;	0.000000000000000;	0.000000000000000;	0.000000000000000;	0.000000000000000;	0.000000000000000;	0.000000000000000;	0.000000000000000;	0.000000000000000;	0.000000000000000;	0.000000000000000;	0.000000000000000;	0.000000000000000;	0.000000000000000;	0.000000000000000;	0.000000000000000;	0.000000000000000;	0.000000000000000;	0.000000000000000;	0.000000000000000;	0.000000000000000;	0.000000000000000;	0.000000000000000;	0.000000000000000;	0.000000000000000;	0.000000000000000;	0.000000000000000;	0.000000000000000;	0.000000000000000;	0.000000000000000;	0.000000000000000;	0.000000000000000;	0.000000000000000;	0.000000000000000;	0.000000000000000;	0.000000000000000;	0.000000000000000
1.000000000000000;	1.000000000000000;	1.000000000000000;	1.000000000000000;	1.000000000000000;	1.000000000000000;	1.000000000000000;	1.000000000000000;	1.000000000000000;	1.000000000000000;	1.000000000000000;	1.000000000000000;	1.000000000000000;	1.000000000000000;	1.000000000000000;	1.000000000000000;	1.000000000000000;	1.000000000000000;	1.000000000000000;	1.000000000000000;	1.000000000000000;	1.000000000000000;	1.000000000000000;	1.000000000000000;	1.000000000000000;	1.000000000000000;	1.000000000000000;	1.000000000000000;	1.000000000000000;	1.000000000000000;	1.000000000000000;	1.000000000000000;	1.000000000000000;	1.000000000000000;	0.000000000000000;	0.000000000000000;	0.000000000000000;	0.000000000000000;	0.000000000000000;	0.000000000000000;	0.000000000000000;	0.000000000000000;	0.000000000000000;	0.000000000000000;	0.000000000000000;	0.000000000000000;	0.000000000000000;	0.000000000000000;	0.000000000000000;	0.000000000000000;	0.000000000000000;	0.000000000000000;	0.000000000000000;	0.000000000000000;	0.000000000000000;	0.000000000000000;	0.000000000000000;	0.000000000000000;	0.000000000000000;	0.000000000000000;	0.000000000000000;	0.000000000000000;	0.000000000000000;	0.000000000000000;	0.000000000000000;	0.000000000000000;	0.000000000000000;	0.000000000000000;	0.000000000000000;	0.000000000000000;	0.000000000000000;	0.000000000000000;	0.000000000000000;	0.000000000000000;	0.000000000000000;	0.000000000000000;	0.000000000000000;	0.000000000000000;	0.000000000000000;	0.000000000000000;	0.000000000000000;	0.000000000000000;	0.000000000000000;	0.000000000000000;	0.000000000000000;	0.000000000000000;	0.000000000000000;	0.000000000000000;	0.000000000000000;	0.000000000000000;	0.000000000000000;	0.000000000000000;	0.000000000000000;	0.000000000000000;	0.000000000000000;	0.000000000000000;	0.000000000000000;	0.000000000000000;	0.000000000000000;	0.000000000000000
1.000000000000000;	1.000000000000000;	1.000000000000000;	1.000000000000000;	1.000000000000000;	1.000000000000000;	1.000000000000000;	1.000000000000000;	1.000000000000000;	1.000000000000000;	1.000000000000000;	1.000000000000000;	1.000000000000000;	1.000000000000000;	1.000000000000000;	1.000000000000000;	1.000000000000000;	1.000000000000000;	1.000000000000000;	1.000000000000000;	1.000000000000000;	1.000000000000000;	1.000000000000000;	1.000000000000000;	1.000000000000000;	1.000000000000000;	1.000000000000000;	1.000000000000000;	1.000000000000000;	1.000000000000000;	1.000000000000000;	1.000000000000000;	1.000000000000000;	1.000000000000000;	1.000000000000000;	1.000000000000000;	1.000000000000000;	1.000000000000000;	1.000000000000000;	1.000000000000000;	0.000000000000000;	0.000000000000000;	0.000000000000000;	0.000000000000000;	0.000000000000000;	0.000000000000000;	0.000000000000000;	0.000000000000000;	0.000000000000000;	0.000000000000000;	0.000000000000000;	0.000000000000000;	0.000000000000000;	0.000000000000000;	0.000000000000000;	0.000000000000000;	0.000000000000000;	0.000000000000000;	0.000000000000000;	0.000000000000000;	0.000000000000000;	0.000000000000000;	0.000000000000000;	0.000000000000000;	0.000000000000000;	0.000000000000000;	0.000000000000000;	0.000000000000000;	0.000000000000000;	0.000000000000000;	0.000000000000000;	0.000000000000000;	0.000000000000000;	0.000000000000000;	0.000000000000000;	0.000000000000000;	0.000000000000000;	0.000000000000000;	0.000000000000000;	0.000000000000000;	0.000000000000000;	0.000000000000000;	0.000000000000000;	0.000000000000000;	0.000000000000000;	0.000000000000000;	0.000000000000000;	0.000000000000000;	0.000000000000000;	0.000000000000000;	0.000000000000000;	0.000000000000000;	0.000000000000000;	0.000000000000000;	0.000000000000000;	0.000000000000000;	0.000000000000000;	0.000000000000000;	0.000000000000000;	0.000000000000000
1.000000000000000;	1.000000000000000;	1.000000000000000;	1.000000000000000;	1.000000000000000;	1.000000000000000;	1.000000000000000;	1.000000000000000;	1.000000000000000;	1.000000000000000;	1.000000000000000;	1.000000000000000;	1.000000000000000;	1.000000000000000;	1.000000000000000;	1.000000000000000;	1.000000000000000;	1.000000000000000;	1.000000000000000;	1.000000000000000;	1.000000000000000;	1.000000000000000;	1.000000000000000;	1.000000000000000;	1.000000000000000;	1.000000000000000;	1.000000000000000;	1.000000000000000;	1.000000000000000;	1.000000000000000;	1.000000000000000;	1.000000000000000;	1.000000000000000;	1.000000000000000;	1.000000000000000;	1.000000000000000;	1.000000000000000;	1.000000000000000;	1.000000000000000;	1.000000000000000;	1.000000000000000;	1.000000000000000;	1.000000000000000;	1.000000000000000;	1.000000000000000;	1.000000000000000;	1.000000000000000;	1.000000000000000;	0.000000000000000;	0.000000000000000;	0.000000000000000;	0.000000000000000;	0.000000000000000;	0.000000000000000;	0.000000000000000;	0.000000000000000;	0.000000000000000;	0.000000000000000;	0.000000000000000;	0.000000000000000;	0.000000000000000;	0.000000000000000;	0.000000000000000;	0.000000000000000;	0.000000000000000;	0.000000000000000;	0.000000000000000;	0.000000000000000;	0.000000000000000;	0.000000000000000;	0.000000000000000;	0.000000000000000;	0.000000000000000;	0.000000000000000;	0.000000000000000;	0.000000000000000;	0.000000000000000;	0.000000000000000;	0.000000000000000;	0.000000000000000;	0.000000000000000;	0.000000000000000;	0.000000000000000;	0.000000000000000;	0.000000000000000;	0.000000000000000;	0.000000000000000;	0.000000000000000;	0.000000000000000;	0.000000000000000;	0.000000000000000;	0.000000000000000;	0.000000000000000;	0.000000000000000;	0.000000000000000;	0.000000000000000;	0.000000000000000;	0.000000000000000;	0.000000000000000;	0.000000000000000
1.000000000000000;	1.000000000000000;	1.000000000000000;	1.000000000000000;	1.000000000000000;	1.000000000000000;	1.000000000000000;	1.000000000000000;	1.000000000000000;	1.000000000000000;	1.000000000000000;	1.000000000000000;	1.000000000000000;	1.000000000000000;	1.000000000000000;	1.000000000000000;	1.000000000000000;	1.000000000000000;	1.000000000000000;	1.000000000000000;	1.000000000000000;	1.000000000000000;	1.000000000000000;	1.000000000000000;	1.000000000000000;	1.000000000000000;	1.000000000000000;	1.000000000000000;	1.000000000000000;	1.000000000000000;	1.000000000000000;	1.000000000000000;	1.000000000000000;	1.000000000000000;	1.000000000000000;	1.000000000000000;	1.000000000000000;	1.000000000000000;	1.000000000000000;	1.000000000000000;	1.000000000000000;	1.000000000000000;	1.000000000000000;	1.000000000000000;	1.000000000000000;	1.000000000000000;	1.000000000000000;	1.000000000000000;	1.000000000000000;	1.000000000000000;	1.000000000000000;	1.000000000000000;	1.000000000000000;	1.000000000000000;	1.000000000000000;	1.000000000000000;	1.000000000000000;	1.000000000000000;	1.000000000000000;	1.000000000000000;	1.000000000000000;	1.000000000000000;	1.000000000000000;	1.000000000000000;	1.000000000000000;	0.000000000000000;	0.000000000000000;	0.000000000000000;	0.000000000000000;	0.000000000000000;	0.000000000000000;	0.000000000000000;	0.000000000000000;	0.000000000000000;	0.000000000000000;	0.000000000000000;	0.000000000000000;	0.000000000000000;	0.000000000000000;	0.000000000000000;	0.000000000000000;	0.000000000000000;	0.000000000000000;	0.000000000000000;	0.000000000000000;	0.000000000000000;	0.000000000000000;	0.000000000000000;	0.000000000000000;	0.000000000000000;	0.000000000000000;	0.000000000000000;	0.000000000000000;	0.000000000000000;	0.000000000000000;	0.000000000000000;	0.000000000000000;	0.000000000000000;	0.000000000000000;	0.000000000000000
1.000000000000000;	1.000000000000000;	1.000000000000000;	1.000000000000000;	1.000000000000000;	1.000000000000000;	1.000000000000000;	1.000000000000000;	1.000000000000000;	1.000000000000000;	1.000000000000000;	1.000000000000000;	1.000000000000000;	1.000000000000000;	1.000000000000000;	1.000000000000000;	1.000000000000000;	1.000000000000000;	1.000000000000000;	1.000000000000000;	1.000000000000000;	1.000000000000000;	1.000000000000000;	1.000000000000000;	1.000000000000000;	1.000000000000000;	1.000000000000000;	1.000000000000000;	1.000000000000000;	1.000000000000000;	1.000000000000000;	1.000000000000000;	1.000000000000000;	1.000000000000000;	1.000000000000000;	1.000000000000000;	1.000000000000000;	1.000000000000000;	1.000000000000000;	1.000000000000000;	1.000000000000000;	1.000000000000000;	1.000000000000000;	1.000000000000000;	1.000000000000000;	1.000000000000000;	1.000000000000000;	1.000000000000000;	1.000000000000000;	1.000000000000000;	1.000000000000000;	1.000000000000000;	1.000000000000000;	1.000000000000000;	1.000000000000000;	1.000000000000000;	1.000000000000000;	1.000000000000000;	1.000000000000000;	1.000000000000000;	1.000000000000000;	1.000000000000000;	1.000000000000000;	1.000000000000000;	1.000000000000000;	1.000000000000000;	1.000000000000000;	1.000000000000000;	1.000000000000000;	1.000000000000000;	1.000000000000000;	1.000000000000000;	1.000000000000000;	1.000000000000000;	1.000000000000000;	1.000000000000000;	1.000000000000000;	1.000000000000000;	1.000000000000000;	1.000000000000000;	1.000000000000000;	1.000000000000000;	1.000000000000000;	1.000000000000000;	1.000000000000000;	1.000000000000000;	1.000000000000000;	1.000000000000000;	1.000000000000000;	1.000000000000000;	1.000000000000000;	1.000000000000000;	1.000000000000000;	1.000000000000000;	1.000000000000000;	0.000000000000000;	0.000000000000000;	0.000000000000000;	0.000000000000000;	0.000000000000000
1.000000000000000;	1.000000000000000;	1.000000000000000;	1.000000000000000;	1.000000000000000;	1.000000000000000;	1.000000000000000;	1.000000000000000;	1.000000000000000;	1.000000000000000;	1.000000000000000;	1.000000000000000;	1.000000000000000;	1.000000000000000;	1.000000000000000;	1.000000000000000;	1.000000000000000;	1.000000000000000;	1.000000000000000;	1.000000000000000;	1.000000000000000;	1.000000000000000;	1.000000000000000;	1.000000000000000;	1.000000000000000;	1.000000000000000;	1.000000000000000;	1.000000000000000;	1.000000000000000;	1.000000000000000;	1.000000000000000;	1.000000000000000;	1.000000000000000;	1.000000000000000;	1.000000000000000;	1.000000000000000;	1.000000000000000;	1.000000000000000;	1.000000000000000;	1.000000000000000;	1.000000000000000;	1.000000000000000;	1.000000000000000;	1.000000000000000;	1.000000000000000;	1.000000000000000;	1.000000000000000;	1.000000000000000;	1.000000000000000;	1.000000000000000;	1.000000000000000;	1.000000000000000;	1.000000000000000;	1.000000000000000;	1.000000000000000;	1.000000000000000;	1.000000000000000;	1.000000000000000;	1.000000000000000;	1.000000000000000;	1.000000000000000;	1.000000000000000;	1.000000000000000;	1.000000000000000;	1.000000000000000;	1.000000000000000;	1.000000000000000;	1.000000000000000;	1.000000000000000;	1.000000000000000;	1.000000000000000;	1.000000000000000;	1.000000000000000;	1.000000000000000;	1.000000000000000;	1.000000000000000;	1.000000000000000;	1.000000000000000;	1.000000000000000;	1.000000000000000;	1.000000000000000;	1.000000000000000;	1.000000000000000;	1.000000000000000;	1.000000000000000;	1.000000000000000;	1.000000000000000;	1.000000000000000;	1.000000000000000;	1.000000000000000;	1.000000000000000;	1.000000000000000;	1.000000000000000;	1.000000000000000;	1.000000000000000;	1.000000000000000;	1.000000000000000;	1.000000000000000;	1.000000000000000;	0.000000000000000
1.000000000000000;	1.000000000000000;	1.000000000000000;	1.000000000000000;	1.000000000000000;	1.000000000000000;	1.000000000000000;	1.000000000000000;	1.000000000000000;	1.000000000000000;	1.000000000000000;	1.000000000000000;	1.000000000000000;	1.000000000000000;	1.000000000000000;	1.000000000000000;	1.000000000000000;	1.000000000000000;	1.000000000000000;	1.000000000000000;	1.000000000000000;	1.000000000000000;	1.000000000000000;	1.000000000000000;	1.000000000000000;	1.000000000000000;	1.000000000000000;	1.000000000000000;	1.000000000000000;	1.000000000000000;	1.000000000000000;	1.000000000000000;	1.000000000000000;	1.000000000000000;	1.000000000000000;	1.000000000000000;	1.000000000000000;	1.000000000000000;	1.000000000000000;	1.000000000000000;	1.000000000000000;	1.000000000000000;	1.000000000000000;	1.000000000000000;	1.000000000000000;	1.000000000000000;	1.000000000000000;	1.000000000000000;	1.000000000000000;	1.000000000000000;	1.000000000000000;	1.000000000000000;	1.000000000000000;	1.000000000000000;	1.000000000000000;	1.000000000000000;	1.000000000000000;	1.000000000000000;	1.000000000000000;	1.000000000000000;	1.000000000000000;	1.000000000000000;	1.000000000000000;	1.000000000000000;	1.000000000000000;	1.000000000000000;	1.000000000000000;	1.000000000000000;	1.000000000000000;	1.000000000000000;	1.000000000000000;	1.000000000000000;	1.000000000000000;	1.000000000000000;	1.000000000000000;	1.000000000000000;	1.000000000000000;	1.000000000000000;	1.000000000000000;	1.000000000000000;	1.000000000000000;	1.000000000000000;	1.000000000000000;	1.000000000000000;	1.000000000000000;	1.000000000000000;	1.000000000000000;	1.000000000000000;	1.000000000000000;	1.000000000000000;	1.000000000000000;	1.000000000000000;	1.000000000000000;	1.000000000000000;	1.000000000000000;	1.000000000000000;	1.000000000000000;	1.000000000000000;	1.000000000000000;	1.000000000000000
1.000000000000000;	1.000000000000000;	1.000000000000000;	1.000000000000000;	1.000000000000000;	1.000000000000000;	1.000000000000000;	1.000000000000000;	1.000000000000000;	1.000000000000000;	1.000000000000000;	1.000000000000000;	1.000000000000000;	1.000000000000000;	1.000000000000000;	1.000000000000000;	1.000000000000000;	1.000000000000000;	1.000000000000000;	1.000000000000000;	1.000000000000000;	1.000000000000000;	1.000000000000000;	1.000000000000000;	1.000000000000000;	1.000000000000000;	1.000000000000000;	1.000000000000000;	1.000000000000000;	1.000000000000000;	1.000000000000000;	1.000000000000000;	1.000000000000000;	1.000000000000000;	1.000000000000000;	1.000000000000000;	1.000000000000000;	1.000000000000000;	1.000000000000000;	1.000000000000000;	1.000000000000000;	1.000000000000000;	1.000000000000000;	1.000000000000000;	1.000000000000000;	1.000000000000000;	1.000000000000000;	1.000000000000000;	1.000000000000000;	1.000000000000000;	1.000000000000000;	1.000000000000000;	1.000000000000000;	1.000000000000000;	1.000000000000000;	1.000000000000000;	1.000000000000000;	1.000000000000000;	1.000000000000000;	1.000000000000000;	1.000000000000000;	1.000000000000000;	1.000000000000000;	1.000000000000000;	1.000000000000000;	1.000000000000000;	1.000000000000000;	1.000000000000000;	1.000000000000000;	1.000000000000000;	1.000000000000000;	1.000000000000000;	1.000000000000000;	1.000000000000000;	1.000000000000000;	1.000000000000000;	1.000000000000000;	1.000000000000000;	1.000000000000000;	1.000000000000000;	1.000000000000000;	1.000000000000000;	1.000000000000000;	1.000000000000000;	1.000000000000000;	1.000000000000000;	1.000000000000000;	1.000000000000000;	1.000000000000000;	1.000000000000000;	1.000000000000000;	1.000000000000000;	1.000000000000000;	1.000000000000000;	1.000000000000000;	1.000000000000000;	1.000000000000000;	1.000000000000000;	1.000000000000000;	1.000000000000000
1.000000000000000;	1.000000000000000;	1.000000000000000;	1.000000000000000;	1.000000000000000;	1.000000000000000;	1.000000000000000;	1.000000000000000;	1.000000000000000;	1.000000000000000;	1.000000000000000;	1.000000000000000;	1.000000000000000;	1.000000000000000;	1.000000000000000;	1.000000000000000;	1.000000000000000;	1.000000000000000;	1.000000000000000;	1.000000000000000;	1.000000000000000;	1.000000000000000;	1.000000000000000;	1.000000000000000;	1.000000000000000;	1.000000000000000;	1.000000000000000;	1.000000000000000;	1.000000000000000;	1.000000000000000;	1.000000000000000;	1.000000000000000;	1.000000000000000;	1.000000000000000;	1.000000000000000;	1.000000000000000;	1.000000000000000;	1.000000000000000;	1.000000000000000;	1.000000000000000;	1.000000000000000;	1.000000000000000;	1.000000000000000;	1.000000000000000;	1.000000000000000;	1.000000000000000;	1.000000000000000;	1.000000000000000;	1.000000000000000;	1.000000000000000;	1.000000000000000;	1.000000000000000;	1.000000000000000;	1.000000000000000;	1.000000000000000;	1.000000000000000;	1.000000000000000;	1.000000000000000;	1.000000000000000;	1.000000000000000;	1.000000000000000;	1.000000000000000;	1.000000000000000;	1.000000000000000;	1.000000000000000;	1.000000000000000;	1.000000000000000;	1.000000000000000;	1.000000000000000;	1.000000000000000;	1.000000000000000;	1.000000000000000;	1.000000000000000;	1.000000000000000;	1.000000000000000;	1.000000000000000;	1.000000000000000;	1.000000000000000;	1.000000000000000;	1.000000000000000;	1.000000000000000;	1.000000000000000;	1.000000000000000;	1.000000000000000;	1.000000000000000;	1.000000000000000;	1.000000000000000;	1.000000000000000;	1.000000000000000;	1.000000000000000;	1.000000000000000;	1.000000000000000;	1.000000000000000;	1.000000000000000;	1.000000000000000;	1.000000000000000;	1.000000000000000;	1.000000000000000;	1.000000000000000;	1.000000000000000
1.000000000000000;	1.000000000000000;	1.000000000000000;	1.000000000000000;	1.000000000000000;	1.000000000000000;	1.000000000000000;	1.000000000000000;	1.000000000000000;	1.000000000000000;	1.000000000000000;	1.000000000000000;	1.000000000000000;	1.000000000000000;	1.000000000000000;	1.000000000000000;	1.000000000000000;	1.000000000000000;	1.000000000000000;	1.000000000000000;	1.000000000000000;	1.000000000000000;	1.000000000000000;	1.000000000000000;	1.000000000000000;	1.000000000000000;	1.000000000000000;	1.000000000000000;	1.000000000000000;	1.000000000000000;	1.000000000000000;	1.000000000000000;	1.000000000000000;	1.000000000000000;	1.000000000000000;	1.000000000000000;	1.000000000000000;	1.000000000000000;	1.000000000000000;	1.000000000000000;	1.000000000000000;	1.000000000000000;	1.000000000000000;	1.000000000000000;	1.000000000000000;	1.000000000000000;	1.000000000000000;	1.000000000000000;	1.000000000000000;	1.000000000000000;	1.000000000000000;	1.000000000000000;	1.000000000000000;	1.000000000000000;	1.000000000000000;	1.000000000000000;	1.000000000000000;	1.000000000000000;	1.000000000000000;	1.000000000000000;	1.000000000000000;	1.000000000000000;	1.000000000000000;	1.000000000000000;	1.000000000000000;	1.000000000000000;	1.000000000000000;	1.000000000000000;	1.000000000000000;	1.000000000000000;	1.000000000000000;	1.000000000000000;	1.000000000000000;	1.000000000000000;	1.000000000000000;	1.000000000000000;	1.000000000000000;	1.000000000000000;	1.000000000000000;	1.000000000000000;	1.000000000000000;	1.000000000000000;	1.000000000000000;	1.000000000000000;	1.000000000000000;	1.000000000000000;	1.000000000000000;	1.000000000000000;	1.000000000000000;	1.000000000000000;	1.000000000000000;	1.000000000000000;	1.000000000000000;	1.000000000000000;	1.000000000000000;	1.000000000000000;	1.000000000000000;	1.000000000000000;	1.000000000000000;	1.000000000000000
1.000000000000000;	1.000000000000000;	1.000000000000000;	1.000000000000000;	1.000000000000000;	1.000000000000000;	1.000000000000000;	1.000000000000000;	1.000000000000000;	1.000000000000000;	1.000000000000000;	1.000000000000000;	1.000000000000000;	1.000000000000000;	1.000000000000000;	1.000000000000000;	1.000000000000000;	1.000000000000000;	1.000000000000000;	1.000000000000000;	1.000000000000000;	1.000000000000000;	1.000000000000000;	1.000000000000000;	1.000000000000000;	1.000000000000000;	1.000000000000000;	1.000000000000000;	1.000000000000000;	1.000000000000000;	1.000000000000000;	1.000000000000000;	1.000000000000000;	1.000000000000000;	1.000000000000000;	1.000000000000000;	1.000000000000000;	1.000000000000000;	1.000000000000000;	1.000000000000000;	1.000000000000000;	1.000000000000000;	1.000000000000000;	1.000000000000000;	1.000000000000000;	1.000000000000000;	1.000000000000000;	1.000000000000000;	1.000000000000000;	1.000000000000000;	1.000000000000000;	1.000000000000000;	1.000000000000000;	1.000000000000000;	1.000000000000000;	1.000000000000000;	1.000000000000000;	1.000000000000000;	1.000000000000000;	1.000000000000000;	1.000000000000000;	1.000000000000000;	1.000000000000000;	1.000000000000000;	1.000000000000000;	1.000000000000000;	1.000000000000000;	1.000000000000000;	1.000000000000000;	1.000000000000000;	1.000000000000000;	1.000000000000000;	1.000000000000000;	1.000000000000000;	1.000000000000000;	1.000000000000000;	1.000000000000000;	1.000000000000000;	1.000000000000000;	1.000000000000000;	1.000000000000000;	1.000000000000000;	1.000000000000000;	1.000000000000000;	1.000000000000000;	1.000000000000000;	1.000000000000000;	1.000000000000000;	1.000000000000000;	1.000000000000000;	1.000000000000000;	1.000000000000000;	1.000000000000000;	1.000000000000000;	1.000000000000000;	1.000000000000000;	1.000000000000000;	1.000000000000000;	1.000000000000000;	1.000000000000000
1.000000000000000;	1.000000000000000;	1.000000000000000;	1.000000000000000;	1.000000000000000;	1.000000000000000;	1.000000000000000;	1.000000000000000;	1.000000000000000;	1.000000000000000;	1.000000000000000;	1.000000000000000;	1.000000000000000;	1.000000000000000;	1.000000000000000;	1.000000000000000;	1.000000000000000;	1.000000000000000;	1.000000000000000;	1.000000000000000;	1.000000000000000;	1.000000000000000;	1.000000000000000;	1.000000000000000;	1.000000000000000;	1.000000000000000;	1.000000000000000;	1.000000000000000;	1.000000000000000;	1.000000000000000;	1.000000000000000;	1.000000000000000;	1.000000000000000;	1.000000000000000;	1.000000000000000;	1.000000000000000;	1.000000000000000;	1.000000000000000;	1.000000000000000;	1.000000000000000;	1.000000000000000;	1.000000000000000;	1.000000000000000;	1.000000000000000;	1.000000000000000;	1.000000000000000;	1.000000000000000;	1.000000000000000;	1.000000000000000;	1.000000000000000;	1.000000000000000;	1.000000000000000;	1.000000000000000;	1.000000000000000;	1.000000000000000;	1.000000000000000;	1.000000000000000;	1.000000000000000;	1.000000000000000;	1.000000000000000;	1.000000000000000;	1.000000000000000;	1.000000000000000;	1.000000000000000;	1.000000000000000;	1.000000000000000;	1.000000000000000;	1.000000000000000;	1.000000000000000;	1.000000000000000;	1.000000000000000;	1.000000000000000;	1.000000000000000;	1.000000000000000;	1.000000000000000;	1.000000000000000;	1.000000000000000;	1.000000000000000;	1.000000000000000;	1.000000000000000;	1.000000000000000;	1.000000000000000;	1.000000000000000;	1.000000000000000;	1.000000000000000;	1.000000000000000;	1.000000000000000;	1.000000000000000;	1.000000000000000;	1.000000000000000;	1.000000000000000;	1.000000000000000;	1.000000000000000;	1.000000000000000;	1.000000000000000;	1.000000000000000;	1.000000000000000;	1.000000000000000;	1.000000000000000;	1.000000000000000
1.000000000000000;	1.000000000000000;	1.000000000000000;	1.000000000000000;	1.000000000000000;	1.000000000000000;	1.000000000000000;	1.000000000000000;	1.000000000000000;	1.000000000000000;	1.000000000000000;	1.000000000000000;	1.000000000000000;	1.000000000000000;	1.000000000000000;	1.000000000000000;	1.000000000000000;	1.000000000000000;	1.000000000000000;	1.000000000000000;	1.000000000000000;	1.000000000000000;	1.000000000000000;	1.000000000000000;	1.000000000000000;	1.000000000000000;	1.000000000000000;	1.000000000000000;	1.000000000000000;	1.000000000000000;	1.000000000000000;	1.000000000000000;	1.000000000000000;	1.000000000000000;	1.000000000000000;	1.000000000000000;	1.000000000000000;	1.000000000000000;	1.000000000000000;	1.000000000000000;	1.000000000000000;	1.000000000000000;	1.000000000000000;	1.000000000000000;	1.000000000000000;	1.000000000000000;	1.000000000000000;	1.000000000000000;	1.000000000000000;	1.000000000000000;	1.000000000000000;	1.000000000000000;	1.000000000000000;	1.000000000000000;	1.000000000000000;	1.000000000000000;	1.000000000000000;	1.000000000000000;	1.000000000000000;	1.000000000000000;	1.000000000000000;	1.000000000000000;	1.000000000000000;	1.000000000000000;	1.000000000000000;	1.000000000000000;	1.000000000000000;	1.000000000000000;	1.000000000000000;	1.000000000000000;	1.000000000000000;	1.000000000000000;	1.000000000000000;	1.000000000000000;	1.000000000000000;	1.000000000000000;	1.000000000000000;	1.000000000000000;	1.000000000000000;	1.000000000000000;	1.000000000000000;	1.000000000000000;	1.000000000000000;	1.000000000000000;	1.000000000000000;	1.000000000000000;	1.000000000000000;	1.000000000000000;	1.000000000000000;	1.000000000000000;	1.000000000000000;	1.000000000000000;	1.000000000000000;	1.000000000000000;	1.000000000000000;	1.000000000000000;	1.000000000000000;	1.000000000000000;	1.000000000000000;	1.000000000000000
1.000000000000000;	1.000000000000000;	1.000000000000000;	1.000000000000000;	1.000000000000000;	1.000000000000000;	1.000000000000000;	1.000000000000000;	1.000000000000000;	1.000000000000000;	1.000000000000000;	1.000000000000000;	1.000000000000000;	1.000000000000000;	1.000000000000000;	1.000000000000000;	1.000000000000000;	1.000000000000000;	1.000000000000000;	1.000000000000000;	1.000000000000000;	1.000000000000000;	1.000000000000000;	1.000000000000000;	1.000000000000000;	1.000000000000000;	1.000000000000000;	1.000000000000000;	1.000000000000000;	1.000000000000000;	1.000000000000000;	1.000000000000000;	1.000000000000000;	1.000000000000000;	1.000000000000000;	1.000000000000000;	1.000000000000000;	1.000000000000000;	1.000000000000000;	1.000000000000000;	1.000000000000000;	1.000000000000000;	1.000000000000000;	1.000000000000000;	1.000000000000000;	1.000000000000000;	1.000000000000000;	1.000000000000000;	1.000000000000000;	1.000000000000000;	1.000000000000000;	1.000000000000000;	1.000000000000000;	1.000000000000000;	1.000000000000000;	1.000000000000000;	1.000000000000000;	1.000000000000000;	1.000000000000000;	1.000000000000000;	1.000000000000000;	1.000000000000000;	1.000000000000000;	1.000000000000000;	1.000000000000000;	1.000000000000000;	1.000000000000000;	1.000000000000000;	1.000000000000000;	1.000000000000000;	1.000000000000000;	1.000000000000000;	1.000000000000000;	1.000000000000000;	1.000000000000000;	1.000000000000000;	1.000000000000000;	1.000000000000000;	1.000000000000000;	1.000000000000000;	1.000000000000000;	1.000000000000000;	1.000000000000000;	1.000000000000000;	1.000000000000000;	1.000000000000000;	1.000000000000000;	1.000000000000000;	1.000000000000000;	1.000000000000000;	1.000000000000000;	1.000000000000000;	1.000000000000000;	1.000000000000000;	1.000000000000000;	1.000000000000000;	1.000000000000000;	1.000000000000000;	1.000000000000000;	1.000000000000000
1.000000000000000;	1.000000000000000;	1.000000000000000;	1.000000000000000;	1.000000000000000;	1.000000000000000;	1.000000000000000;	1.000000000000000;	1.000000000000000;	1.000000000000000;	1.000000000000000;	1.000000000000000;	1.000000000000000;	1.000000000000000;	1.000000000000000;	1.000000000000000;	1.000000000000000;	1.000000000000000;	1.000000000000000;	1.000000000000000;	1.000000000000000;	1.000000000000000;	1.000000000000000;	1.000000000000000;	1.000000000000000;	1.000000000000000;	1.000000000000000;	1.000000000000000;	1.000000000000000;	1.000000000000000;	1.000000000000000;	1.000000000000000;	1.000000000000000;	1.000000000000000;	1.000000000000000;	1.000000000000000;	1.000000000000000;	1.000000000000000;	1.000000000000000;	1.000000000000000;	1.000000000000000;	1.000000000000000;	1.000000000000000;	1.000000000000000;	1.000000000000000;	1.000000000000000;	1.000000000000000;	1.000000000000000;	1.000000000000000;	1.000000000000000;	1.000000000000000;	1.000000000000000;	1.000000000000000;	1.000000000000000;	1.000000000000000;	1.000000000000000;	1.000000000000000;	1.000000000000000;	1.000000000000000;	1.000000000000000;	1.000000000000000;	1.000000000000000;	1.000000000000000;	1.000000000000000;	1.000000000000000;	1.000000000000000;	1.000000000000000;	1.000000000000000;	1.000000000000000;	1.000000000000000;	1.000000000000000;	1.000000000000000;	1.000000000000000;	1.000000000000000;	1.000000000000000;	1.000000000000000;	1.000000000000000;	1.000000000000000;	1.000000000000000;	1.000000000000000;	1.000000000000000;	1.000000000000000;	1.000000000000000;	1.000000000000000;	1.000000000000000;	1.000000000000000;	1.000000000000000;	1.000000000000000;	1.000000000000000;	1.000000000000000;	1.000000000000000;	1.000000000000000;	1.000000000000000;	1.000000000000000;	1.000000000000000;	1.000000000000000;	1.000000000000000;	1.000000000000000;	1.000000000000000;	1.000000000000000
1.000000000000000;	1.000000000000000;	1.000000000000000;	1.000000000000000;	1.000000000000000;	1.000000000000000;	1.000000000000000;	1.000000000000000;	1.000000000000000;	1.000000000000000;	1.000000000000000;	1.000000000000000;	1.000000000000000;	1.000000000000000;	1.000000000000000;	1.000000000000000;	1.000000000000000;	1.000000000000000;	1.000000000000000;	1.000000000000000;	1.000000000000000;	1.000000000000000;	1.000000000000000;	1.000000000000000;	1.000000000000000;	1.000000000000000;	1.000000000000000;	1.000000000000000;	1.000000000000000;	1.000000000000000;	1.000000000000000;	1.000000000000000;	1.000000000000000;	1.000000000000000;	1.000000000000000;	1.000000000000000;	1.000000000000000;	1.000000000000000;	1.000000000000000;	1.000000000000000;	1.000000000000000;	1.000000000000000;	1.000000000000000;	1.000000000000000;	1.000000000000000;	1.000000000000000;	1.000000000000000;	1.000000000000000;	1.000000000000000;	1.000000000000000;	1.000000000000000;	1.000000000000000;	1.000000000000000;	1.000000000000000;	1.000000000000000;	1.000000000000000;	1.000000000000000;	1.000000000000000;	1.000000000000000;	1.000000000000000;	1.000000000000000;	1.000000000000000;	1.000000000000000;	1.000000000000000;	1.000000000000000;	1.000000000000000;	1.000000000000000;	1.000000000000000;	1.000000000000000;	1.000000000000000;	1.000000000000000;	1.000000000000000;	1.000000000000000;	1.000000000000000;	1.000000000000000;	1.000000000000000;	1.000000000000000;	1.000000000000000;	1.000000000000000;	1.000000000000000;	1.000000000000000;	1.000000000000000;	1.000000000000000;	1.000000000000000;	1.000000000000000;	1.000000000000000;	1.000000000000000;	1.000000000000000;	1.000000000000000;	1.000000000000000;	1.000000000000000;	1.000000000000000;	1.000000000000000;	1.000000000000000;	1.000000000000000;	1.000000000000000;	1.000000000000000;	1.000000000000000;	1.000000000000000;	1.000000000000000
1.000000000000000;	1.000000000000000;	1.000000000000000;	1.000000000000000;	1.000000000000000;	1.000000000000000;	1.000000000000000;	1.000000000000000;	1.000000000000000;	1.000000000000000;	1.000000000000000;	1.000000000000000;	1.000000000000000;	1.000000000000000;	1.000000000000000;	1.000000000000000;	1.000000000000000;	1.000000000000000;	1.000000000000000;	1.000000000000000;	1.000000000000000;	1.000000000000000;	1.000000000000000;	1.000000000000000;	1.000000000000000;	1.000000000000000;	1.000000000000000;	1.000000000000000;	1.000000000000000;	1.000000000000000;	1.000000000000000;	1.000000000000000;	1.000000000000000;	1.000000000000000;	1.000000000000000;	1.000000000000000;	1.000000000000000;	1.000000000000000;	1.000000000000000;	1.000000000000000;	1.000000000000000;	1.000000000000000;	1.000000000000000;	1.000000000000000;	1.000000000000000;	1.000000000000000;	1.000000000000000;	1.000000000000000;	1.000000000000000;	1.000000000000000;	1.000000000000000;	1.000000000000000;	1.000000000000000;	1.000000000000000;	1.000000000000000;	1.000000000000000;	1.000000000000000;	1.000000000000000;	1.000000000000000;	1.000000000000000;	1.000000000000000;	1.000000000000000;	1.000000000000000;	1.000000000000000;	1.000000000000000;	1.000000000000000;	1.000000000000000;	1.000000000000000;	1.000000000000000;	1.000000000000000;	1.000000000000000;	1.000000000000000;	1.000000000000000;	1.000000000000000;	1.000000000000000;	1.000000000000000;	1.000000000000000;	1.000000000000000;	1.000000000000000;	1.000000000000000;	1.000000000000000;	1.000000000000000;	1.000000000000000;	1.000000000000000;	1.000000000000000;	1.000000000000000;	1.000000000000000;	1.000000000000000;	1.000000000000000;	1.000000000000000;	1.000000000000000;	1.000000000000000;	1.000000000000000;	1.000000000000000;	1.000000000000000;	1.000000000000000;	1.000000000000000;	1.000000000000000;	1.000000000000000;	1.000000000000000
1.000000000000000;	1.000000000000000;	1.000000000000000;	1.000000000000000;	1.000000000000000;	1.000000000000000;	1.000000000000000;	1.000000000000000;	1.000000000000000;	1.000000000000000;	1.000000000000000;	1.000000000000000;	1.000000000000000;	1.000000000000000;	1.000000000000000;	1.000000000000000;	1.000000000000000;	1.000000000000000;	1.000000000000000;	1.000000000000000;	1.000000000000000;	1.000000000000000;	1.000000000000000;	1.000000000000000;	1.000000000000000;	1.000000000000000;	1.000000000000000;	1.000000000000000;	1.000000000000000;	1.000000000000000;	1.000000000000000;	1.000000000000000;	1.000000000000000;	1.000000000000000;	1.000000000000000;	1.000000000000000;	1.000000000000000;	1.000000000000000;	1.000000000000000;	1.000000000000000;	1.000000000000000;	1.000000000000000;	1.000000000000000;	1.000000000000000;	1.000000000000000;	1.000000000000000;	1.000000000000000;	1.000000000000000;	1.000000000000000;	1.000000000000000;	1.000000000000000;	1.000000000000000;	1.000000000000000;	1.000000000000000;	1.000000000000000;	1.000000000000000;	1.000000000000000;	1.000000000000000;	1.000000000000000;	1.000000000000000;	1.000000000000000;	1.000000000000000;	1.000000000000000;	1.000000000000000;	1.000000000000000;	1.000000000000000;	1.000000000000000;	1.000000000000000;	1.000000000000000;	1.000000000000000;	1.000000000000000;	1.000000000000000;	1.000000000000000;	1.000000000000000;	1.000000000000000;	1.000000000000000;	1.000000000000000;	1.000000000000000;	1.000000000000000;	1.000000000000000;	1.000000000000000;	1.000000000000000;	1.000000000000000;	1.000000000000000;	1.000000000000000;	1.000000000000000;	1.000000000000000;	1.000000000000000;	1.000000000000000;	1.000000000000000;	1.000000000000000;	1.000000000000000;	1.000000000000000;	1.000000000000000;	1.000000000000000;	1.000000000000000;	1.000000000000000;	1.000000000000000;	1.000000000000000;	1.000000000000000
1.000000000000000;	1.000000000000000;	1.000000000000000;	1.000000000000000;	1.000000000000000;	1.000000000000000;	1.000000000000000;	1.000000000000000;	1.000000000000000;	1.000000000000000;	1.000000000000000;	1.000000000000000;	1.000000000000000;	1.000000000000000;	1.000000000000000;	1.000000000000000;	1.000000000000000;	1.000000000000000;	1.000000000000000;	1.000000000000000;	1.000000000000000;	1.000000000000000;	1.000000000000000;	1.000000000000000;	1.000000000000000;	1.000000000000000;	1.000000000000000;	1.000000000000000;	1.000000000000000;	1.000000000000000;	1.000000000000000;	1.000000000000000;	1.000000000000000;	1.000000000000000;	1.000000000000000;	1.000000000000000;	1.000000000000000;	1.000000000000000;	1.000000000000000;	1.000000000000000;	1.000000000000000;	1.000000000000000;	1.000000000000000;	1.000000000000000;	1.000000000000000;	1.000000000000000;	1.000000000000000;	1.000000000000000;	1.000000000000000;	1.000000000000000;	1.000000000000000;	1.000000000000000;	1.000000000000000;	1.000000000000000;	1.000000000000000;	1.000000000000000;	1.000000000000000;	1.000000000000000;	1.000000000000000;	1.000000000000000;	1.000000000000000;	1.000000000000000;	1.000000000000000;	1.000000000000000;	1.000000000000000;	1.000000000000000;	1.000000000000000;	1.000000000000000;	1.000000000000000;	1.000000000000000;	1.000000000000000;	1.000000000000000;	1.000000000000000;	1.000000000000000;	1.000000000000000;	1.000000000000000;	1.000000000000000;	1.000000000000000;	1.000000000000000;	1.000000000000000;	1.000000000000000;	1.000000000000000;	1.000000000000000;	1.000000000000000;	1.000000000000000;	1.000000000000000;	1.000000000000000;	1.000000000000000;	1.000000000000000;	1.000000000000000;	1.000000000000000;	1.000000000000000;	1.000000000000000;	1.000000000000000;	1.000000000000000;	1.000000000000000;	1.000000000000000;	1.000000000000000;	1.000000000000000;	1.000000000000000
1.000000000000000;	1.000000000000000;	1.000000000000000;	1.000000000000000;	1.000000000000000;	1.000000000000000;	1.000000000000000;	1.000000000000000;	1.000000000000000;	1.000000000000000;	1.000000000000000;	1.000000000000000;	1.000000000000000;	1.000000000000000;	1.000000000000000;	1.000000000000000;	1.000000000000000;	1.000000000000000;	1.000000000000000;	1.000000000000000;	1.000000000000000;	1.000000000000000;	1.000000000000000;	1.000000000000000;	1.000000000000000;	1.000000000000000;	1.000000000000000;	1.000000000000000;	1.000000000000000;	1.000000000000000;	1.000000000000000;	1.000000000000000;	1.000000000000000;	1.000000000000000;	1.000000000000000;	1.000000000000000;	1.000000000000000;	1.000000000000000;	1.000000000000000;	1.000000000000000;	1.000000000000000;	1.000000000000000;	1.000000000000000;	1.000000000000000;	1.000000000000000;	1.000000000000000;	1.000000000000000;	1.000000000000000;	1.000000000000000;	1.000000000000000;	1.000000000000000;	1.000000000000000;	1.000000000000000;	1.000000000000000;	1.000000000000000;	1.000000000000000;	1.000000000000000;	1.000000000000000;	1.000000000000000;	1.000000000000000;	1.000000000000000;	1.000000000000000;	1.000000000000000;	1.000000000000000;	1.000000000000000;	1.000000000000000;	1.000000000000000;	1.000000000000000;	1.000000000000000;	1.000000000000000;	1.000000000000000;	1.000000000000000;	1.000000000000000;	1.000000000000000;	1.000000000000000;	1.000000000000000;	1.000000000000000;	1.000000000000000;	1.000000000000000;	1.000000000000000;	1.000000000000000;	1.000000000000000;	1.000000000000000;	1.000000000000000;	1.000000000000000;	1.000000000000000;	1.000000000000000;	1.000000000000000;	1.000000000000000;	1.000000000000000;	1.000000000000000;	1.000000000000000;	1.000000000000000;	1.000000000000000;	1.000000000000000;	1.000000000000000;	1.000000000000000;	1.000000000000000;	1.000000000000000;	1.000000000000000
1.000000000000000;	1.000000000000000;	1.000000000000000;	1.000000000000000;	1.000000000000000;	1.000000000000000;	1.000000000000000;	1.000000000000000;	1.000000000000000;	1.000000000000000;	1.000000000000000;	1.000000000000000;	1.000000000000000;	1.000000000000000;	1.000000000000000;	1.000000000000000;	1.000000000000000;	1.000000000000000;	1.000000000000000;	1.000000000000000;	1.000000000000000;	1.000000000000000;	1.000000000000000;	1.000000000000000;	1.000000000000000;	1.000000000000000;	1.000000000000000;	1.000000000000000;	1.000000000000000;	1.000000000000000;	1.000000000000000;	1.000000000000000;	1.000000000000000;	1.000000000000000;	1.000000000000000;	1.000000000000000;	1.000000000000000;	1.000000000000000;	1.000000000000000;	1.000000000000000;	1.000000000000000;	1.000000000000000;	1.000000000000000;	1.000000000000000;	1.000000000000000;	1.000000000000000;	1.000000000000000;	1.000000000000000;	1.000000000000000;	1.000000000000000;	1.000000000000000;	1.000000000000000;	1.000000000000000;	1.000000000000000;	1.000000000000000;	1.000000000000000;	1.000000000000000;	1.000000000000000;	1.000000000000000;	1.000000000000000;	1.000000000000000;	1.000000000000000;	1.000000000000000;	1.000000000000000;	1.000000000000000;	1.000000000000000;	1.000000000000000;	1.000000000000000;	1.000000000000000;	1.000000000000000;	1.000000000000000;	1.000000000000000;	1.000000000000000;	1.000000000000000;	1.000000000000000;	1.000000000000000;	1.000000000000000;	1.000000000000000;	1.000000000000000;	1.000000000000000;	1.000000000000000;	1.000000000000000;	1.000000000000000;	1.000000000000000;	1.000000000000000;	1.000000000000000;	1.000000000000000;	1.000000000000000;	1.000000000000000;	1.000000000000000;	1.000000000000000;	1.000000000000000;	1.000000000000000;	1.000000000000000;	1.000000000000000;	1.000000000000000;	1.000000000000000;	1.000000000000000;	1.000000000000000;	1.000000000000000
1.000000000000000;	1.000000000000000;	1.000000000000000;	1.000000000000000;	1.000000000000000;	1.000000000000000;	1.000000000000000;	1.000000000000000;	1.000000000000000;	1.000000000000000;	1.000000000000000;	1.000000000000000;	1.000000000000000;	1.000000000000000;	1.000000000000000;	1.000000000000000;	1.000000000000000;	1.000000000000000;	1.000000000000000;	1.000000000000000;	1.000000000000000;	1.000000000000000;	1.000000000000000;	1.000000000000000;	1.000000000000000;	1.000000000000000;	1.000000000000000;	1.000000000000000;	1.000000000000000;	1.000000000000000;	1.000000000000000;	1.000000000000000;	1.000000000000000;	1.000000000000000;	1.000000000000000;	1.000000000000000;	1.000000000000000;	1.000000000000000;	1.000000000000000;	1.000000000000000;	1.000000000000000;	1.000000000000000;	1.000000000000000;	1.000000000000000;	1.000000000000000;	1.000000000000000;	1.000000000000000;	1.000000000000000;	1.000000000000000;	1.000000000000000;	1.000000000000000;	1.000000000000000;	1.000000000000000;	1.000000000000000;	1.000000000000000;	1.000000000000000;	1.000000000000000;	1.000000000000000;	1.000000000000000;	1.000000000000000;	1.000000000000000;	1.000000000000000;	1.000000000000000;	1.000000000000000;	1.000000000000000;	1.000000000000000;	1.000000000000000;	1.000000000000000;	1.000000000000000;	1.000000000000000;	1.000000000000000;	1.000000000000000;	1.000000000000000;	1.000000000000000;	1.000000000000000;	1.000000000000000;	1.000000000000000;	1.000000000000000;	1.000000000000000;	1.000000000000000;	1.000000000000000;	1.000000000000000;	1.000000000000000;	1.000000000000000;	1.000000000000000;	1.000000000000000;	1.000000000000000;	1.000000000000000;	1.000000000000000;	1.000000000000000;	1.000000000000000;	1.000000000000000;	1.000000000000000;	1.000000000000000;	1.000000000000000;	1.000000000000000;	1.000000000000000;	1.000000000000000;	1.000000000000000;	1.000000000000000
1.000000000000000;	1.000000000000000;	1.000000000000000;	1.000000000000000;	1.000000000000000;	1.000000000000000;	1.000000000000000;	1.000000000000000;	1.000000000000000;	1.000000000000000;	1.000000000000000;	1.000000000000000;	1.000000000000000;	1.000000000000000;	1.000000000000000;	1.000000000000000;	1.000000000000000;	1.000000000000000;	1.000000000000000;	1.000000000000000;	1.000000000000000;	1.000000000000000;	1.000000000000000;	1.000000000000000;	1.000000000000000;	1.000000000000000;	1.000000000000000;	1.000000000000000;	1.000000000000000;	1.000000000000000;	1.000000000000000;	1.000000000000000;	1.000000000000000;	1.000000000000000;	1.000000000000000;	1.000000000000000;	1.000000000000000;	1.000000000000000;	1.000000000000000;	1.000000000000000;	1.000000000000000;	1.000000000000000;	1.000000000000000;	1.000000000000000;	1.000000000000000;	1.000000000000000;	1.000000000000000;	1.000000000000000;	1.000000000000000;	1.000000000000000;	1.000000000000000;	1.000000000000000;	1.000000000000000;	1.000000000000000;	1.000000000000000;	1.000000000000000;	1.000000000000000;	1.000000000000000;	1.000000000000000;	1.000000000000000;	1.000000000000000;	1.000000000000000;	1.000000000000000;	1.000000000000000;	1.000000000000000;	1.000000000000000;	1.000000000000000;	1.000000000000000;	1.000000000000000;	1.000000000000000;	1.000000000000000;	1.000000000000000;	1.000000000000000;	1.000000000000000;	1.000000000000000;	1.000000000000000;	1.000000000000000;	1.000000000000000;	1.000000000000000;	1.000000000000000;	1.000000000000000;	1.000000000000000;	1.000000000000000;	1.000000000000000;	1.000000000000000;	1.000000000000000;	1.000000000000000;	1.000000000000000;	1.000000000000000;	1.000000000000000;	1.000000000000000;	1.000000000000000;	1.000000000000000;	1.000000000000000;	1.000000000000000;	1.000000000000000;	1.000000000000000;	1.000000000000000;	1.000000000000000;	1.000000000000000
1.000000000000000;	1.000000000000000;	1.000000000000000;	1.000000000000000;	1.000000000000000;	1.000000000000000;	1.000000000000000;	1.000000000000000;	1.000000000000000;	1.000000000000000;	1.000000000000000;	1.000000000000000;	1.000000000000000;	1.000000000000000;	1.000000000000000;	1.000000000000000;	1.000000000000000;	1.000000000000000;	1.000000000000000;	1.000000000000000;	1.000000000000000;	1.000000000000000;	1.000000000000000;	1.000000000000000;	1.000000000000000;	1.000000000000000;	1.000000000000000;	1.000000000000000;	1.000000000000000;	1.000000000000000;	1.000000000000000;	1.000000000000000;	1.000000000000000;	1.000000000000000;	1.000000000000000;	1.000000000000000;	1.000000000000000;	1.000000000000000;	1.000000000000000;	1.000000000000000;	1.000000000000000;	1.000000000000000;	1.000000000000000;	1.000000000000000;	1.000000000000000;	1.000000000000000;	1.000000000000000;	1.000000000000000;	1.000000000000000;	1.000000000000000;	1.000000000000000;	1.000000000000000;	1.000000000000000;	1.000000000000000;	1.000000000000000;	1.000000000000000;	1.000000000000000;	1.000000000000000;	1.000000000000000;	1.000000000000000;	1.000000000000000;	1.000000000000000;	1.000000000000000;	1.000000000000000;	1.000000000000000;	1.000000000000000;	1.000000000000000;	1.000000000000000;	1.000000000000000;	1.000000000000000;	1.000000000000000;	1.000000000000000;	1.000000000000000;	1.000000000000000;	1.000000000000000;	1.000000000000000;	1.000000000000000;	1.000000000000000;	1.000000000000000;	1.000000000000000;	1.000000000000000;	1.000000000000000;	1.000000000000000;	1.000000000000000;	1.000000000000000;	1.000000000000000;	1.000000000000000;	1.000000000000000;	1.000000000000000;	1.000000000000000;	1.000000000000000;	1.000000000000000;	1.000000000000000;	1.000000000000000;	1.000000000000000;	1.000000000000000;	1.000000000000000;	1.000000000000000;	1.000000000000000;	1.000000000000000
1.000000000000000;	1.000000000000000;	1.000000000000000;	1.000000000000000;	1.000000000000000;	1.000000000000000;	1.000000000000000;	1.000000000000000;	1.000000000000000;	1.000000000000000;	1.000000000000000;	1.000000000000000;	1.000000000000000;	1.000000000000000;	1.000000000000000;	1.000000000000000;	1.000000000000000;	1.000000000000000;	1.000000000000000;	1.000000000000000;	1.000000000000000;	1.000000000000000;	1.000000000000000;	1.000000000000000;	1.000000000000000;	1.000000000000000;	1.000000000000000;	1.000000000000000;	1.000000000000000;	1.000000000000000;	1.000000000000000;	1.000000000000000;	1.000000000000000;	1.000000000000000;	1.000000000000000;	1.000000000000000;	1.000000000000000;	1.000000000000000;	1.000000000000000;	1.000000000000000;	1.000000000000000;	1.000000000000000;	1.000000000000000;	1.000000000000000;	1.000000000000000;	1.000000000000000;	1.000000000000000;	1.000000000000000;	1.000000000000000;	1.000000000000000;	1.000000000000000;	1.000000000000000;	1.000000000000000;	1.000000000000000;	1.000000000000000;	1.000000000000000;	1.000000000000000;	1.000000000000000;	1.000000000000000;	1.000000000000000;	1.000000000000000;	1.000000000000000;	1.000000000000000;	1.000000000000000;	1.000000000000000;	1.000000000000000;	1.000000000000000;	1.000000000000000;	1.000000000000000;	1.000000000000000;	1.000000000000000;	1.000000000000000;	1.000000000000000;	1.000000000000000;	1.000000000000000;	1.000000000000000;	1.000000000000000;	1.000000000000000;	1.000000000000000;	1.000000000000000;	1.000000000000000;	1.000000000000000;	1.000000000000000;	1.000000000000000;	1.000000000000000;	1.000000000000000;	1.000000000000000;	1.000000000000000;	1.000000000000000;	1.000000000000000;	1.000000000000000;	1.000000000000000;	1.000000000000000;	1.000000000000000;	1.000000000000000;	1.000000000000000;	1.000000000000000;	1.000000000000000;	1.000000000000000;	1.000000000000000
1.000000000000000;	1.000000000000000;	1.000000000000000;	1.000000000000000;	1.000000000000000;	1.000000000000000;	1.000000000000000;	1.000000000000000;	1.000000000000000;	1.000000000000000;	1.000000000000000;	1.000000000000000;	1.000000000000000;	1.000000000000000;	1.000000000000000;	1.000000000000000;	1.000000000000000;	1.000000000000000;	1.000000000000000;	1.000000000000000;	1.000000000000000;	1.000000000000000;	1.000000000000000;	1.000000000000000;	1.000000000000000;	1.000000000000000;	1.000000000000000;	1.000000000000000;	1.000000000000000;	1.000000000000000;	1.000000000000000;	1.000000000000000;	1.000000000000000;	1.000000000000000;	1.000000000000000;	1.000000000000000;	1.000000000000000;	1.000000000000000;	1.000000000000000;	1.000000000000000;	1.000000000000000;	1.000000000000000;	1.000000000000000;	1.000000000000000;	1.000000000000000;	1.000000000000000;	1.000000000000000;	1.000000000000000;	1.000000000000000;	1.000000000000000;	1.000000000000000;	1.000000000000000;	1.000000000000000;	1.000000000000000;	1.000000000000000;	1.000000000000000;	1.000000000000000;	1.000000000000000;	1.000000000000000;	1.000000000000000;	1.000000000000000;	1.000000000000000;	1.000000000000000;	1.000000000000000;	1.000000000000000;	1.000000000000000;	1.000000000000000;	1.000000000000000;	1.000000000000000;	1.000000000000000;	1.000000000000000;	1.000000000000000;	1.000000000000000;	1.000000000000000;	1.000000000000000;	1.000000000000000;	1.000000000000000;	1.000000000000000;	1.000000000000000;	1.000000000000000;	1.000000000000000;	1.000000000000000;	1.000000000000000;	1.000000000000000;	1.000000000000000;	1.000000000000000;	1.000000000000000;	1.000000000000000;	1.000000000000000;	1.000000000000000;	1.000000000000000;	1.000000000000000;	1.000000000000000;	1.000000000000000;	1.000000000000000;	1.000000000000000;	1.000000000000000;	1.000000000000000;	1.000000000000000;	1.000000000000000
1.000000000000000;	1.000000000000000;	1.000000000000000;	1.000000000000000;	1.000000000000000;	1.000000000000000;	1.000000000000000;	1.000000000000000;	1.000000000000000;	1.000000000000000;	1.000000000000000;	1.000000000000000;	1.000000000000000;	1.000000000000000;	1.000000000000000;	1.000000000000000;	1.000000000000000;	1.000000000000000;	1.000000000000000;	1.000000000000000;	1.000000000000000;	1.000000000000000;	1.000000000000000;	1.000000000000000;	1.000000000000000;	1.000000000000000;	1.000000000000000;	1.000000000000000;	1.000000000000000;	1.000000000000000;	1.000000000000000;	1.000000000000000;	1.000000000000000;	1.000000000000000;	1.000000000000000;	1.000000000000000;	1.000000000000000;	1.000000000000000;	1.000000000000000;	1.000000000000000;	1.000000000000000;	1.000000000000000;	1.000000000000000;	1.000000000000000;	1.000000000000000;	1.000000000000000;	1.000000000000000;	1.000000000000000;	1.000000000000000;	1.000000000000000;	1.000000000000000;	1.000000000000000;	1.000000000000000;	1.000000000000000;	1.000000000000000;	1.000000000000000;	1.000000000000000;	1.000000000000000;	1.000000000000000;	1.000000000000000;	1.000000000000000;	1.000000000000000;	1.000000000000000;	1.000000000000000;	1.000000000000000;	1.000000000000000;	1.000000000000000;	1.000000000000000;	1.000000000000000;	1.000000000000000;	1.000000000000000;	1.000000000000000;	1.000000000000000;	1.000000000000000;	1.000000000000000;	1.000000000000000;	1.000000000000000;	1.000000000000000;	1.000000000000000;	1.000000000000000;	1.000000000000000;	1.000000000000000;	1.000000000000000;	1.000000000000000;	1.000000000000000;	1.000000000000000;	1.000000000000000;	1.000000000000000;	1.000000000000000;	1.000000000000000;	1.000000000000000;	1.000000000000000;	1.000000000000000;	1.000000000000000;	1.000000000000000;	1.000000000000000;	1.000000000000000;	1.000000000000000;	1.000000000000000;	1.000000000000000
1.000000000000000;	1.000000000000000;	1.000000000000000;	1.000000000000000;	1.000000000000000;	1.000000000000000;	1.000000000000000;	1.000000000000000;	1.000000000000000;	1.000000000000000;	1.000000000000000;	1.000000000000000;	1.000000000000000;	1.000000000000000;	1.000000000000000;	1.000000000000000;	1.000000000000000;	1.000000000000000;	1.000000000000000;	1.000000000000000;	1.000000000000000;	1.000000000000000;	1.000000000000000;	1.000000000000000;	1.000000000000000;	1.000000000000000;	1.000000000000000;	1.000000000000000;	1.000000000000000;	1.000000000000000;	1.000000000000000;	1.000000000000000;	1.000000000000000;	1.000000000000000;	1.000000000000000;	1.000000000000000;	1.000000000000000;	1.000000000000000;	1.000000000000000;	1.000000000000000;	1.000000000000000;	1.000000000000000;	1.000000000000000;	1.000000000000000;	1.000000000000000;	1.000000000000000;	1.000000000000000;	1.000000000000000;	1.000000000000000;	1.000000000000000;	1.000000000000000;	1.000000000000000;	1.000000000000000;	1.000000000000000;	1.000000000000000;	1.000000000000000;	1.000000000000000;	1.000000000000000;	1.000000000000000;	1.000000000000000;	1.000000000000000;	1.000000000000000;	1.000000000000000;	1.000000000000000;	1.000000000000000;	1.000000000000000;	1.000000000000000;	1.000000000000000;	1.000000000000000;	1.000000000000000;	1.000000000000000;	1.000000000000000;	1.000000000000000;	1.000000000000000;	1.000000000000000;	1.000000000000000;	1.000000000000000;	1.000000000000000;	1.000000000000000;	1.000000000000000;	1.000000000000000;	1.000000000000000;	1.000000000000000;	1.000000000000000;	1.000000000000000;	1.000000000000000;	1.000000000000000;	1.000000000000000;	1.000000000000000;	1.000000000000000;	1.000000000000000;	1.000000000000000;	1.000000000000000;	1.000000000000000;	1.000000000000000;	1.000000000000000;	1.000000000000000;	1.000000000000000;	1.000000000000000;	1.000000000000000
1.000000000000000;	1.000000000000000;	1.000000000000000;	1.000000000000000;	1.000000000000000;	1.000000000000000;	1.000000000000000;	1.000000000000000;	1.000000000000000;	1.000000000000000;	1.000000000000000;	1.000000000000000;	1.000000000000000;	1.000000000000000;	1.000000000000000;	1.000000000000000;	1.000000000000000;	1.000000000000000;	1.000000000000000;	1.000000000000000;	1.000000000000000;	1.000000000000000;	1.000000000000000;	1.000000000000000;	1.000000000000000;	1.000000000000000;	1.000000000000000;	1.000000000000000;	1.000000000000000;	1.000000000000000;	1.000000000000000;	1.000000000000000;	1.000000000000000;	1.000000000000000;	1.000000000000000;	1.000000000000000;	1.000000000000000;	1.000000000000000;	1.000000000000000;	1.000000000000000;	1.000000000000000;	1.000000000000000;	1.000000000000000;	1.000000000000000;	1.000000000000000;	1.000000000000000;	1.000000000000000;	1.000000000000000;	1.000000000000000;	1.000000000000000;	1.000000000000000;	1.000000000000000;	1.000000000000000;	1.000000000000000;	1.000000000000000;	1.000000000000000;	1.000000000000000;	1.000000000000000;	1.000000000000000;	1.000000000000000;	1.000000000000000;	1.000000000000000;	1.000000000000000;	1.000000000000000;	1.000000000000000;	1.000000000000000;	1.000000000000000;	1.000000000000000;	1.000000000000000;	1.000000000000000;	1.000000000000000;	1.000000000000000;	1.000000000000000;	1.000000000000000;	1.000000000000000;	1.000000000000000;	1.000000000000000;	1.000000000000000;	1.000000000000000;	1.000000000000000;	1.000000000000000;	1.000000000000000;	1.000000000000000;	1.000000000000000;	1.000000000000000;	1.000000000000000;	1.000000000000000;	1.000000000000000;	1.000000000000000;	1.000000000000000;	1.000000000000000;	1.000000000000000;	1.000000000000000;	1.000000000000000;	1.000000000000000;	1.000000000000000;	1.000000000000000;	1.000000000000000;	1.000000000000000;	1.000000000000000
1.000000000000000;	1.000000000000000;	1.000000000000000;	1.000000000000000;	1.000000000000000;	1.000000000000000;	1.000000000000000;	1.000000000000000;	1.000000000000000;	1.000000000000000;	1.000000000000000;	1.000000000000000;	1.000000000000000;	1.000000000000000;	1.000000000000000;	1.000000000000000;	1.000000000000000;	1.000000000000000;	1.000000000000000;	1.000000000000000;	1.000000000000000;	1.000000000000000;	1.000000000000000;	1.000000000000000;	1.000000000000000;	1.000000000000000;	1.000000000000000;	1.000000000000000;	1.000000000000000;	1.000000000000000;	1.000000000000000;	1.000000000000000;	1.000000000000000;	1.000000000000000;	1.000000000000000;	1.000000000000000;	1.000000000000000;	1.000000000000000;	1.000000000000000;	1.000000000000000;	1.000000000000000;	1.000000000000000;	1.000000000000000;	1.000000000000000;	1.000000000000000;	1.000000000000000;	1.000000000000000;	1.000000000000000;	1.000000000000000;	1.000000000000000;	1.000000000000000;	1.000000000000000;	1.000000000000000;	1.000000000000000;	1.000000000000000;	1.000000000000000;	1.000000000000000;	1.000000000000000;	1.000000000000000;	1.000000000000000;	1.000000000000000;	1.000000000000000;	1.000000000000000;	1.000000000000000;	1.000000000000000;	1.000000000000000;	1.000000000000000;	1.000000000000000;	1.000000000000000;	1.000000000000000;	1.000000000000000;	1.000000000000000;	1.000000000000000;	1.000000000000000;	1.000000000000000;	1.000000000000000;	1.000000000000000;	1.000000000000000;	1.000000000000000;	1.000000000000000;	1.000000000000000;	1.000000000000000;	1.000000000000000;	1.000000000000000;	1.000000000000000;	1.000000000000000;	1.000000000000000;	1.000000000000000;	1.000000000000000;	1.000000000000000;	1.000000000000000;	1.000000000000000;	1.000000000000000;	1.000000000000000;	1.000000000000000;	1.000000000000000;	1.000000000000000;	1.000000000000000;	1.000000000000000;	1.000000000000000
1.000000000000000;	1.000000000000000;	1.000000000000000;	1.000000000000000;	1.000000000000000;	1.000000000000000;	1.000000000000000;	1.000000000000000;	1.000000000000000;	1.000000000000000;	1.000000000000000;	1.000000000000000;	1.000000000000000;	1.000000000000000;	1.000000000000000;	1.000000000000000;	1.000000000000000;	1.000000000000000;	1.000000000000000;	1.000000000000000;	1.000000000000000;	1.000000000000000;	1.000000000000000;	1.000000000000000;	1.000000000000000;	1.000000000000000;	1.000000000000000;	1.000000000000000;	1.000000000000000;	1.000000000000000;	1.000000000000000;	1.000000000000000;	1.000000000000000;	1.000000000000000;	1.000000000000000;	1.000000000000000;	1.000000000000000;	1.000000000000000;	1.000000000000000;	1.000000000000000;	1.000000000000000;	1.000000000000000;	1.000000000000000;	1.000000000000000;	1.000000000000000;	1.000000000000000;	1.000000000000000;	1.000000000000000;	1.000000000000000;	1.000000000000000;	1.000000000000000;	1.000000000000000;	1.000000000000000;	1.000000000000000;	1.000000000000000;	1.000000000000000;	1.000000000000000;	1.000000000000000;	1.000000000000000;	1.000000000000000;	1.000000000000000;	1.000000000000000;	1.000000000000000;	1.000000000000000;	1.000000000000000;	1.000000000000000;	1.000000000000000;	1.000000000000000;	1.000000000000000;	1.000000000000000;	1.000000000000000;	1.000000000000000;	1.000000000000000;	1.000000000000000;	1.000000000000000;	1.000000000000000;	1.000000000000000;	1.000000000000000;	1.000000000000000;	1.000000000000000;	1.000000000000000;	1.000000000000000;	1.000000000000000;	1.000000000000000;	1.000000000000000;	1.000000000000000;	1.000000000000000;	1.000000000000000;	1.000000000000000;	1.000000000000000;	1.000000000000000;	1.000000000000000;	1.000000000000000;	1.000000000000000;	1.000000000000000;	1.000000000000000;	1.000000000000000;	1.000000000000000;	1.000000000000000;	1.000000000000000
1.000000000000000;	1.000000000000000;	1.000000000000000;	1.000000000000000;	1.000000000000000;	1.000000000000000;	1.000000000000000;	1.000000000000000;	1.000000000000000;	1.000000000000000;	1.000000000000000;	1.000000000000000;	1.000000000000000;	1.000000000000000;	1.000000000000000;	1.000000000000000;	1.000000000000000;	1.000000000000000;	1.000000000000000;	1.000000000000000;	1.000000000000000;	1.000000000000000;	1.000000000000000;	1.000000000000000;	1.000000000000000;	1.000000000000000;	1.000000000000000;	1.000000000000000;	1.000000000000000;	1.000000000000000;	1.000000000000000;	1.000000000000000;	1.000000000000000;	1.000000000000000;	1.000000000000000;	1.000000000000000;	1.000000000000000;	1.000000000000000;	1.000000000000000;	1.000000000000000;	1.000000000000000;	1.000000000000000;	1.000000000000000;	1.000000000000000;	1.000000000000000;	1.000000000000000;	1.000000000000000;	1.000000000000000;	1.000000000000000;	1.000000000000000;	1.000000000000000;	1.000000000000000;	1.000000000000000;	1.000000000000000;	1.000000000000000;	1.000000000000000;	1.000000000000000;	1.000000000000000;	1.000000000000000;	1.000000000000000;	1.000000000000000;	1.000000000000000;	1.000000000000000;	1.000000000000000;	1.000000000000000;	1.000000000000000;	1.000000000000000;	1.000000000000000;	1.000000000000000;	1.000000000000000;	1.000000000000000;	1.000000000000000;	1.000000000000000;	1.000000000000000;	1.000000000000000;	1.000000000000000;	1.000000000000000;	1.000000000000000;	1.000000000000000;	1.000000000000000;	1.000000000000000;	1.000000000000000;	1.000000000000000;	1.000000000000000;	1.000000000000000;	1.000000000000000;	1.000000000000000;	1.000000000000000;	1.000000000000000;	1.000000000000000;	1.000000000000000;	1.000000000000000;	1.000000000000000;	1.000000000000000;	1.000000000000000;	1.000000000000000;	1.000000000000000;	1.000000000000000;	1.000000000000000;	1.000000000000000
1.000000000000000;	1.000000000000000;	1.000000000000000;	1.000000000000000;	1.000000000000000;	1.000000000000000;	1.000000000000000;	1.000000000000000;	1.000000000000000;	1.000000000000000;	1.000000000000000;	1.000000000000000;	1.000000000000000;	1.000000000000000;	1.000000000000000;	1.000000000000000;	1.000000000000000;	1.000000000000000;	1.000000000000000;	1.000000000000000;	1.000000000000000;	1.000000000000000;	1.000000000000000;	1.000000000000000;	1.000000000000000;	1.000000000000000;	1.000000000000000;	1.000000000000000;	1.000000000000000;	1.000000000000000;	1.000000000000000;	1.000000000000000;	1.000000000000000;	1.000000000000000;	1.000000000000000;	1.000000000000000;	1.000000000000000;	1.000000000000000;	1.000000000000000;	1.000000000000000;	1.000000000000000;	1.000000000000000;	1.000000000000000;	1.000000000000000;	1.000000000000000;	1.000000000000000;	1.000000000000000;	1.000000000000000;	1.000000000000000;	1.000000000000000;	1.000000000000000;	1.000000000000000;	1.000000000000000;	1.000000000000000;	1.000000000000000;	1.000000000000000;	1.000000000000000;	1.000000000000000;	1.000000000000000;	1.000000000000000;	1.000000000000000;	1.000000000000000;	1.000000000000000;	1.000000000000000;	1.000000000000000;	1.000000000000000;	1.000000000000000;	1.000000000000000;	1.000000000000000;	1.000000000000000;	1.000000000000000;	1.000000000000000;	1.000000000000000;	1.000000000000000;	1.000000000000000;	1.000000000000000;	1.000000000000000;	1.000000000000000;	1.000000000000000;	1.000000000000000;	1.000000000000000;	1.000000000000000;	1.000000000000000;	1.000000000000000;	1.000000000000000;	1.000000000000000;	1.000000000000000;	1.000000000000000;	1.000000000000000;	1.000000000000000;	1.000000000000000;	1.000000000000000;	1.000000000000000;	1.000000000000000;	1.000000000000000;	1.000000000000000;	1.000000000000000;	1.000000000000000;	1.000000000000000;	1.000000000000000
1.000000000000000;	1.000000000000000;	1.000000000000000;	1.000000000000000;	1.000000000000000;	1.000000000000000;	1.000000000000000;	1.000000000000000;	1.000000000000000;	1.000000000000000;	1.000000000000000;	1.000000000000000;	1.000000000000000;	1.000000000000000;	1.000000000000000;	1.000000000000000;	1.000000000000000;	1.000000000000000;	1.000000000000000;	1.000000000000000;	1.000000000000000;	1.000000000000000;	1.000000000000000;	1.000000000000000;	1.000000000000000;	1.000000000000000;	1.000000000000000;	1.000000000000000;	1.000000000000000;	1.000000000000000;	1.000000000000000;	1.000000000000000;	1.000000000000000;	1.000000000000000;	1.000000000000000;	1.000000000000000;	1.000000000000000;	1.000000000000000;	1.000000000000000;	1.000000000000000;	1.000000000000000;	1.000000000000000;	1.000000000000000;	1.000000000000000;	1.000000000000000;	1.000000000000000;	1.000000000000000;	1.000000000000000;	1.000000000000000;	1.000000000000000;	1.000000000000000;	1.000000000000000;	1.000000000000000;	1.000000000000000;	1.000000000000000;	1.000000000000000;	1.000000000000000;	1.000000000000000;	1.000000000000000;	1.000000000000000;	1.000000000000000;	1.000000000000000;	1.000000000000000;	1.000000000000000;	1.000000000000000;	1.000000000000000;	1.000000000000000;	1.000000000000000;	1.000000000000000;	1.000000000000000;	1.000000000000000;	1.000000000000000;	1.000000000000000;	1.000000000000000;	1.000000000000000;	1.000000000000000;	1.000000000000000;	1.000000000000000;	1.000000000000000;	1.000000000000000;	1.000000000000000;	1.000000000000000;	1.000000000000000;	1.000000000000000;	1.000000000000000;	1.000000000000000;	1.000000000000000;	1.000000000000000;	1.000000000000000;	1.000000000000000;	1.000000000000000;	1.000000000000000;	1.000000000000000;	1.000000000000000;	1.000000000000000;	1.000000000000000;	1.000000000000000;	1.000000000000000;	1.000000000000000;	1.000000000000000
1.000000000000000;	1.000000000000000;	1.000000000000000;	1.000000000000000;	1.000000000000000;	1.000000000000000;	1.000000000000000;	1.000000000000000;	1.000000000000000;	1.000000000000000;	1.000000000000000;	1.000000000000000;	1.000000000000000;	1.000000000000000;	1.000000000000000;	1.000000000000000;	1.000000000000000;	1.000000000000000;	1.000000000000000;	1.000000000000000;	1.000000000000000;	1.000000000000000;	1.000000000000000;	1.000000000000000;	1.000000000000000;	1.000000000000000;	1.000000000000000;	1.000000000000000;	1.000000000000000;	1.000000000000000;	1.000000000000000;	1.000000000000000;	1.000000000000000;	1.000000000000000;	1.000000000000000;	1.000000000000000;	1.000000000000000;	1.000000000000000;	1.000000000000000;	1.000000000000000;	1.000000000000000;	1.000000000000000;	1.000000000000000;	1.000000000000000;	1.000000000000000;	1.000000000000000;	1.000000000000000;	1.000000000000000;	1.000000000000000;	1.000000000000000;	1.000000000000000;	1.000000000000000;	1.000000000000000;	1.000000000000000;	1.000000000000000;	1.000000000000000;	1.000000000000000;	1.000000000000000;	1.000000000000000;	1.000000000000000;	1.000000000000000;	1.000000000000000;	1.000000000000000;	1.000000000000000;	1.000000000000000;	1.000000000000000;	1.000000000000000;	1.000000000000000;	1.000000000000000;	1.000000000000000;	1.000000000000000;	1.000000000000000;	1.000000000000000;	1.000000000000000;	1.000000000000000;	1.000000000000000;	1.000000000000000;	1.000000000000000;	1.000000000000000;	1.000000000000000;	1.000000000000000;	1.000000000000000;	1.000000000000000;	1.000000000000000;	1.000000000000000;	1.000000000000000;	1.000000000000000;	1.000000000000000;	1.000000000000000;	1.000000000000000;	1.000000000000000;	1.000000000000000;	1.000000000000000;	1.000000000000000;	1.000000000000000;	1.000000000000000;	1.000000000000000;	1.000000000000000;	1.000000000000000;	1.000000000000000
1.000000000000000;	1.000000000000000;	1.000000000000000;	1.000000000000000;	1.000000000000000;	1.000000000000000;	1.000000000000000;	1.000000000000000;	1.000000000000000;	1.000000000000000;	1.000000000000000;	1.000000000000000;	1.000000000000000;	1.000000000000000;	1.000000000000000;	1.000000000000000;	1.000000000000000;	1.000000000000000;	1.000000000000000;	1.000000000000000;	1.000000000000000;	1.000000000000000;	1.000000000000000;	1.000000000000000;	1.000000000000000;	1.000000000000000;	1.000000000000000;	1.000000000000000;	1.000000000000000;	1.000000000000000;	1.000000000000000;	1.000000000000000;	1.000000000000000;	1.000000000000000;	1.000000000000000;	1.000000000000000;	1.000000000000000;	1.000000000000000;	1.000000000000000;	1.000000000000000;	1.000000000000000;	1.000000000000000;	1.000000000000000;	1.000000000000000;	1.000000000000000;	1.000000000000000;	1.000000000000000;	1.000000000000000;	1.000000000000000;	1.000000000000000;	1.000000000000000;	1.000000000000000;	1.000000000000000;	1.000000000000000;	1.000000000000000;	1.000000000000000;	1.000000000000000;	1.000000000000000;	1.000000000000000;	1.000000000000000;	1.000000000000000;	1.000000000000000;	1.000000000000000;	1.000000000000000;	1.000000000000000;	1.000000000000000;	1.000000000000000;	1.000000000000000;	1.000000000000000;	1.000000000000000;	1.000000000000000;	1.000000000000000;	1.000000000000000;	1.000000000000000;	1.000000000000000;	1.000000000000000;	1.000000000000000;	1.000000000000000;	1.000000000000000;	1.000000000000000;	1.000000000000000;	1.000000000000000;	1.000000000000000;	1.000000000000000;	1.000000000000000;	1.000000000000000;	1.000000000000000;	1.000000000000000;	1.000000000000000;	1.000000000000000;	1.000000000000000;	1.000000000000000;	1.000000000000000;	1.000000000000000;	1.000000000000000;	1.000000000000000;	1.000000000000000;	1.000000000000000;	1.000000000000000;	1.000000000000000
1.000000000000000;	1.000000000000000;	1.000000000000000;	1.000000000000000;	1.000000000000000;	1.000000000000000;	1.000000000000000;	1.000000000000000;	1.000000000000000;	1.000000000000000;	1.000000000000000;	1.000000000000000;	1.000000000000000;	1.000000000000000;	1.000000000000000;	1.000000000000000;	1.000000000000000;	1.000000000000000;	1.000000000000000;	1.000000000000000;	1.000000000000000;	1.000000000000000;	1.000000000000000;	1.000000000000000;	1.000000000000000;	1.000000000000000;	1.000000000000000;	1.000000000000000;	1.000000000000000;	1.000000000000000;	1.000000000000000;	1.000000000000000;	1.000000000000000;	1.000000000000000;	1.000000000000000;	1.000000000000000;	1.000000000000000;	1.000000000000000;	1.000000000000000;	1.000000000000000;	1.000000000000000;	1.000000000000000;	1.000000000000000;	1.000000000000000;	1.000000000000000;	1.000000000000000;	1.000000000000000;	1.000000000000000;	1.000000000000000;	1.000000000000000;	1.000000000000000;	1.000000000000000;	1.000000000000000;	1.000000000000000;	1.000000000000000;	1.000000000000000;	1.000000000000000;	1.000000000000000;	1.000000000000000;	1.000000000000000;	1.000000000000000;	1.000000000000000;	1.000000000000000;	1.000000000000000;	1.000000000000000;	1.000000000000000;	1.000000000000000;	1.000000000000000;	1.000000000000000;	1.000000000000000;	1.000000000000000;	1.000000000000000;	1.000000000000000;	1.000000000000000;	1.000000000000000;	1.000000000000000;	1.000000000000000;	1.000000000000000;	1.000000000000000;	1.000000000000000;	1.000000000000000;	1.000000000000000;	1.000000000000000;	1.000000000000000;	1.000000000000000;	1.000000000000000;	1.000000000000000;	1.000000000000000;	1.000000000000000;	1.000000000000000;	1.000000000000000;	1.000000000000000;	1.000000000000000;	1.000000000000000;	1.000000000000000;	1.000000000000000;	1.000000000000000;	1.000000000000000;	1.000000000000000;	1.000000000000000
1.000000000000000;	1.000000000000000;	1.000000000000000;	1.000000000000000;	1.000000000000000;	1.000000000000000;	1.000000000000000;	1.000000000000000;	1.000000000000000;	1.000000000000000;	1.000000000000000;	1.000000000000000;	1.000000000000000;	1.000000000000000;	1.000000000000000;	1.000000000000000;	1.000000000000000;	1.000000000000000;	1.000000000000000;	1.000000000000000;	1.000000000000000;	1.000000000000000;	1.000000000000000;	1.000000000000000;	1.000000000000000;	1.000000000000000;	1.000000000000000;	1.000000000000000;	1.000000000000000;	1.000000000000000;	1.000000000000000;	1.000000000000000;	1.000000000000000;	1.000000000000000;	1.000000000000000;	1.000000000000000;	1.000000000000000;	1.000000000000000;	1.000000000000000;	1.000000000000000;	1.000000000000000;	1.000000000000000;	1.000000000000000;	1.000000000000000;	1.000000000000000;	1.000000000000000;	1.000000000000000;	1.000000000000000;	1.000000000000000;	1.000000000000000;	1.000000000000000;	1.000000000000000;	1.000000000000000;	1.000000000000000;	1.000000000000000;	1.000000000000000;	1.000000000000000;	1.000000000000000;	1.000000000000000;	1.000000000000000;	1.000000000000000;	1.000000000000000;	1.000000000000000;	1.000000000000000;	1.000000000000000;	1.000000000000000;	1.000000000000000;	1.000000000000000;	1.000000000000000;	1.000000000000000;	1.000000000000000;	1.000000000000000;	1.000000000000000;	1.000000000000000;	1.000000000000000;	1.000000000000000;	1.000000000000000;	1.000000000000000;	1.000000000000000;	1.000000000000000;	1.000000000000000;	1.000000000000000;	1.000000000000000;	1.000000000000000;	1.000000000000000;	1.000000000000000;	1.000000000000000;	1.000000000000000;	1.000000000000000;	1.000000000000000;	1.000000000000000;	1.000000000000000;	1.000000000000000;	1.000000000000000;	1.000000000000000;	1.000000000000000;	1.000000000000000;	1.000000000000000;	1.000000000000000;	1.000000000000000
1.000000000000000;	1.000000000000000;	1.000000000000000;	1.000000000000000;	1.000000000000000;	1.000000000000000;	1.000000000000000;	1.000000000000000;	1.000000000000000;	1.000000000000000;	1.000000000000000;	1.000000000000000;	1.000000000000000;	1.000000000000000;	1.000000000000000;	1.000000000000000;	1.000000000000000;	1.000000000000000;	1.000000000000000;	1.000000000000000;	1.000000000000000;	1.000000000000000;	1.000000000000000;	1.000000000000000;	1.000000000000000;	1.000000000000000;	1.000000000000000;	1.000000000000000;	1.000000000000000;	1.000000000000000;	1.000000000000000;	1.000000000000000;	1.000000000000000;	1.000000000000000;	1.000000000000000;	1.000000000000000;	1.000000000000000;	1.000000000000000;	1.000000000000000;	1.000000000000000;	1.000000000000000;	1.000000000000000;	1.000000000000000;	1.000000000000000;	1.000000000000000;	1.000000000000000;	1.000000000000000;	1.000000000000000;	1.000000000000000;	1.000000000000000;	1.000000000000000;	1.000000000000000;	1.000000000000000;	1.000000000000000;	1.000000000000000;	1.000000000000000;	1.000000000000000;	1.000000000000000;	1.000000000000000;	1.000000000000000;	1.000000000000000;	1.000000000000000;	1.000000000000000;	1.000000000000000;	1.000000000000000;	1.000000000000000;	1.000000000000000;	1.000000000000000;	1.000000000000000;	1.000000000000000;	1.000000000000000;	1.000000000000000;	1.000000000000000;	1.000000000000000;	1.000000000000000;	1.000000000000000;	1.000000000000000;	1.000000000000000;	1.000000000000000;	1.000000000000000;	1.000000000000000;	1.000000000000000;	1.000000000000000;	1.000000000000000;	1.000000000000000;	1.000000000000000;	1.000000000000000;	1.000000000000000;	1.000000000000000;	1.000000000000000;	1.000000000000000;	1.000000000000000;	1.000000000000000;	1.000000000000000;	1.000000000000000;	1.000000000000000;	1.000000000000000;	1.000000000000000;	1.000000000000000;	1.000000000000000
1.000000000000000;	1.000000000000000;	1.000000000000000;	1.000000000000000;	1.000000000000000;	1.000000000000000;	1.000000000000000;	1.000000000000000;	1.000000000000000;	1.000000000000000;	1.000000000000000;	1.000000000000000;	1.000000000000000;	1.000000000000000;	1.000000000000000;	1.000000000000000;	1.000000000000000;	1.000000000000000;	1.000000000000000;	1.000000000000000;	1.000000000000000;	1.000000000000000;	1.000000000000000;	1.000000000000000;	1.000000000000000;	1.000000000000000;	1.000000000000000;	1.000000000000000;	1.000000000000000;	1.000000000000000;	1.000000000000000;	1.000000000000000;	1.000000000000000;	1.000000000000000;	1.000000000000000;	1.000000000000000;	1.000000000000000;	1.000000000000000;	1.000000000000000;	1.000000000000000;	1.000000000000000;	1.000000000000000;	1.000000000000000;	1.000000000000000;	1.000000000000000;	1.000000000000000;	1.000000000000000;	1.000000000000000;	1.000000000000000;	1.000000000000000;	1.000000000000000;	1.000000000000000;	1.000000000000000;	1.000000000000000;	1.000000000000000;	1.000000000000000;	1.000000000000000;	1.000000000000000;	1.000000000000000;	1.000000000000000;	1.000000000000000;	1.000000000000000;	1.000000000000000;	1.000000000000000;	1.000000000000000;	1.000000000000000;	1.000000000000000;	1.000000000000000;	1.000000000000000;	1.000000000000000;	1.000000000000000;	1.000000000000000;	1.000000000000000;	1.000000000000000;	1.000000000000000;	1.000000000000000;	1.000000000000000;	1.000000000000000;	1.000000000000000;	1.000000000000000;	1.000000000000000;	1.000000000000000;	1.000000000000000;	1.000000000000000;	1.000000000000000;	1.000000000000000;	1.000000000000000;	1.000000000000000;	1.000000000000000;	1.000000000000000;	1.000000000000000;	1.000000000000000;	1.000000000000000;	1.000000000000000;	1.000000000000000;	1.000000000000000;	1.000000000000000;	1.000000000000000;	1.000000000000000;	1.000000000000000
1.000000000000000;	1.000000000000000;	1.000000000000000;	1.000000000000000;	1.000000000000000;	1.000000000000000;	1.000000000000000;	1.000000000000000;	1.000000000000000;	1.000000000000000;	1.000000000000000;	1.000000000000000;	1.000000000000000;	1.000000000000000;	1.000000000000000;	1.000000000000000;	1.000000000000000;	1.000000000000000;	1.000000000000000;	1.000000000000000;	1.000000000000000;	1.000000000000000;	1.000000000000000;	1.000000000000000;	1.000000000000000;	1.000000000000000;	1.000000000000000;	1.000000000000000;	1.000000000000000;	1.000000000000000;	1.000000000000000;	1.000000000000000;	1.000000000000000;	1.000000000000000;	1.000000000000000;	1.000000000000000;	1.000000000000000;	1.000000000000000;	1.000000000000000;	1.000000000000000;	1.000000000000000;	1.000000000000000;	1.000000000000000;	1.000000000000000;	1.000000000000000;	1.000000000000000;	1.000000000000000;	1.000000000000000;	1.000000000000000;	1.000000000000000;	1.000000000000000;	1.000000000000000;	1.000000000000000;	1.000000000000000;	1.000000000000000;	1.000000000000000;	1.000000000000000;	1.000000000000000;	1.000000000000000;	1.000000000000000;	1.000000000000000;	1.000000000000000;	1.000000000000000;	1.000000000000000;	1.000000000000000;	1.000000000000000;	1.000000000000000;	1.000000000000000;	1.000000000000000;	1.000000000000000;	1.000000000000000;	1.000000000000000;	1.000000000000000;	1.000000000000000;	1.000000000000000;	1.000000000000000;	1.000000000000000;	1.000000000000000;	1.000000000000000;	1.000000000000000;	1.000000000000000;	1.000000000000000;	1.000000000000000;	1.000000000000000;	1.000000000000000;	1.000000000000000;	1.000000000000000;	1.000000000000000;	1.000000000000000;	1.000000000000000;	1.000000000000000;	1.000000000000000;	1.000000000000000;	1.000000000000000;	1.000000000000000;	1.000000000000000;	1.000000000000000;	1.000000000000000;	1.000000000000000;	1.000000000000000
1.000000000000000;	1.000000000000000;	1.000000000000000;	1.000000000000000;	1.000000000000000;	1.000000000000000;	1.000000000000000;	1.000000000000000;	1.000000000000000;	1.000000000000000;	1.000000000000000;	1.000000000000000;	1.000000000000000;	1.000000000000000;	1.000000000000000;	1.000000000000000;	1.000000000000000;	1.000000000000000;	1.000000000000000;	1.000000000000000;	1.000000000000000;	1.000000000000000;	1.000000000000000;	1.000000000000000;	1.000000000000000;	1.000000000000000;	1.000000000000000;	1.000000000000000;	1.000000000000000;	1.000000000000000;	1.000000000000000;	1.000000000000000;	1.000000000000000;	1.000000000000000;	1.000000000000000;	1.000000000000000;	1.000000000000000;	1.000000000000000;	1.000000000000000;	1.000000000000000;	1.000000000000000;	1.000000000000000;	1.000000000000000;	1.000000000000000;	1.000000000000000;	1.000000000000000;	1.000000000000000;	1.000000000000000;	1.000000000000000;	1.000000000000000;	1.000000000000000;	1.000000000000000;	1.000000000000000;	1.000000000000000;	1.000000000000000;	1.000000000000000;	1.000000000000000;	1.000000000000000;	1.000000000000000;	1.000000000000000;	1.000000000000000;	1.000000000000000;	1.000000000000000;	1.000000000000000;	1.000000000000000;	1.000000000000000;	1.000000000000000;	1.000000000000000;	1.000000000000000;	1.000000000000000;	1.000000000000000;	1.000000000000000;	1.000000000000000;	1.000000000000000;	1.000000000000000;	1.000000000000000;	1.000000000000000;	1.000000000000000;	1.000000000000000;	1.000000000000000;	1.000000000000000;	1.000000000000000;	1.000000000000000;	1.000000000000000;	1.000000000000000;	1.000000000000000;	1.000000000000000;	1.000000000000000;	1.000000000000000;	1.000000000000000;	1.000000000000000;	1.000000000000000;	1.000000000000000;	1.000000000000000;	1.000000000000000;	1.000000000000000;	1.000000000000000;	1.000000000000000;	1.000000000000000;	1.000000000000000
1.000000000000000;	1.000000000000000;	1.000000000000000;	1.000000000000000;	1.000000000000000;	1.000000000000000;	1.000000000000000;	1.000000000000000;	1.000000000000000;	1.000000000000000;	1.000000000000000;	1.000000000000000;	1.000000000000000;	1.000000000000000;	1.000000000000000;	1.000000000000000;	1.000000000000000;	1.000000000000000;	1.000000000000000;	1.000000000000000;	1.000000000000000;	1.000000000000000;	1.000000000000000;	1.000000000000000;	1.000000000000000;	1.000000000000000;	1.000000000000000;	1.000000000000000;	1.000000000000000;	1.000000000000000;	1.000000000000000;	1.000000000000000;	1.000000000000000;	1.000000000000000;	1.000000000000000;	1.000000000000000;	1.000000000000000;	1.000000000000000;	1.000000000000000;	1.000000000000000;	1.000000000000000;	1.000000000000000;	1.000000000000000;	1.000000000000000;	1.000000000000000;	1.000000000000000;	1.000000000000000;	1.000000000000000;	1.000000000000000;	1.000000000000000;	1.000000000000000;	1.000000000000000;	1.000000000000000;	1.000000000000000;	1.000000000000000;	1.000000000000000;	1.000000000000000;	1.000000000000000;	1.000000000000000;	1.000000000000000;	1.000000000000000;	1.000000000000000;	1.000000000000000;	1.000000000000000;	1.000000000000000;	1.000000000000000;	1.000000000000000;	1.000000000000000;	1.000000000000000;	1.000000000000000;	1.000000000000000;	1.000000000000000;	1.000000000000000;	1.000000000000000;	1.000000000000000;	1.000000000000000;	1.000000000000000;	1.000000000000000;	1.000000000000000;	1.000000000000000;	1.000000000000000;	1.000000000000000;	1.000000000000000;	1.000000000000000;	1.000000000000000;	1.000000000000000;	1.000000000000000;	1.000000000000000;	1.000000000000000;	1.000000000000000;	1.000000000000000;	1.000000000000000;	1.000000000000000;	1.000000000000000;	1.000000000000000;	1.000000000000000;	1.000000000000000;	1.000000000000000;	1.000000000000000;	1.000000000000000
1.000000000000000;	1.000000000000000;	1.000000000000000;	1.000000000000000;	1.000000000000000;	1.000000000000000;	1.000000000000000;	1.000000000000000;	1.000000000000000;	1.000000000000000;	1.000000000000000;	1.000000000000000;	1.000000000000000;	1.000000000000000;	1.000000000000000;	1.000000000000000;	1.000000000000000;	1.000000000000000;	1.000000000000000;	1.000000000000000;	1.000000000000000;	1.000000000000000;	1.000000000000000;	1.000000000000000;	1.000000000000000;	1.000000000000000;	1.000000000000000;	1.000000000000000;	1.000000000000000;	1.000000000000000;	1.000000000000000;	1.000000000000000;	1.000000000000000;	1.000000000000000;	1.000000000000000;	1.000000000000000;	1.000000000000000;	1.000000000000000;	1.000000000000000;	1.000000000000000;	1.000000000000000;	1.000000000000000;	1.000000000000000;	1.000000000000000;	1.000000000000000;	1.000000000000000;	1.000000000000000;	1.000000000000000;	1.000000000000000;	1.000000000000000;	1.000000000000000;	1.000000000000000;	1.000000000000000;	1.000000000000000;	1.000000000000000;	1.000000000000000;	1.000000000000000;	1.000000000000000;	1.000000000000000;	1.000000000000000;	1.000000000000000;	1.000000000000000;	1.000000000000000;	1.000000000000000;	1.000000000000000;	1.000000000000000;	1.000000000000000;	1.000000000000000;	1.000000000000000;	1.000000000000000;	1.000000000000000;	1.000000000000000;	1.000000000000000;	1.000000000000000;	1.000000000000000;	1.000000000000000;	1.000000000000000;	1.000000000000000;	1.000000000000000;	1.000000000000000;	1.000000000000000;	1.000000000000000;	1.000000000000000;	1.000000000000000;	1.000000000000000;	1.000000000000000;	1.000000000000000;	1.000000000000000;	1.000000000000000;	1.000000000000000;	1.000000000000000;	1.000000000000000;	1.000000000000000;	1.000000000000000;	1.000000000000000;	1.000000000000000;	1.000000000000000;	1.000000000000000;	1.000000000000000;	1.000000000000000
1.000000000000000;	1.000000000000000;	1.000000000000000;	1.000000000000000;	1.000000000000000;	1.000000000000000;	1.000000000000000;	1.000000000000000;	1.000000000000000;	1.000000000000000;	1.000000000000000;	1.000000000000000;	1.000000000000000;	1.000000000000000;	1.000000000000000;	1.000000000000000;	1.000000000000000;	1.000000000000000;	1.000000000000000;	1.000000000000000;	1.000000000000000;	1.000000000000000;	1.000000000000000;	1.000000000000000;	1.000000000000000;	1.000000000000000;	1.000000000000000;	1.000000000000000;	1.000000000000000;	1.000000000000000;	1.000000000000000;	1.000000000000000;	1.000000000000000;	1.000000000000000;	1.000000000000000;	1.000000000000000;	1.000000000000000;	1.000000000000000;	1.000000000000000;	1.000000000000000;	1.000000000000000;	1.000000000000000;	1.000000000000000;	1.000000000000000;	1.000000000000000;	1.000000000000000;	1.000000000000000;	1.000000000000000;	1.000000000000000;	1.000000000000000;	1.000000000000000;	1.000000000000000;	1.000000000000000;	1.000000000000000;	1.000000000000000;	1.000000000000000;	1.000000000000000;	1.000000000000000;	1.000000000000000;	1.000000000000000;	1.000000000000000;	1.000000000000000;	1.000000000000000;	1.000000000000000;	1.000000000000000;	1.000000000000000;	1.000000000000000;	1.000000000000000;	1.000000000000000;	1.000000000000000;	1.000000000000000;	1.000000000000000;	1.000000000000000;	1.000000000000000;	1.000000000000000;	1.000000000000000;	1.000000000000000;	1.000000000000000;	1.000000000000000;	1.000000000000000;	1.000000000000000;	1.000000000000000;	1.000000000000000;	1.000000000000000;	1.000000000000000;	1.000000000000000;	1.000000000000000;	1.000000000000000;	1.000000000000000;	1.000000000000000;	1.000000000000000;	1.000000000000000;	1.000000000000000;	1.000000000000000;	1.000000000000000;	1.000000000000000;	1.000000000000000;	1.000000000000000;	1.000000000000000;	1.000000000000000
1.000000000000000;	1.000000000000000;	1.000000000000000;	1.000000000000000;	1.000000000000000;	1.000000000000000;	1.000000000000000;	1.000000000000000;	1.000000000000000;	1.000000000000000;	1.000000000000000;	1.000000000000000;	1.000000000000000;	1.000000000000000;	1.000000000000000;	1.000000000000000;	1.000000000000000;	1.000000000000000;	1.000000000000000;	1.000000000000000;	1.000000000000000;	1.000000000000000;	1.000000000000000;	1.000000000000000;	1.000000000000000;	1.000000000000000;	1.000000000000000;	1.000000000000000;	1.000000000000000;	1.000000000000000;	1.000000000000000;	1.000000000000000;	1.000000000000000;	1.000000000000000;	1.000000000000000;	1.000000000000000;	1.000000000000000;	1.000000000000000;	1.000000000000000;	1.000000000000000;	1.000000000000000;	1.000000000000000;	1.000000000000000;	1.000000000000000;	1.000000000000000;	1.000000000000000;	1.000000000000000;	1.000000000000000;	1.000000000000000;	1.000000000000000;	1.000000000000000;	1.000000000000000;	1.000000000000000;	1.000000000000000;	1.000000000000000;	1.000000000000000;	1.000000000000000;	1.000000000000000;	1.000000000000000;	1.000000000000000;	1.000000000000000;	1.000000000000000;	1.000000000000000;	1.000000000000000;	1.000000000000000;	1.000000000000000;	1.000000000000000;	1.000000000000000;	1.000000000000000;	1.000000000000000;	1.000000000000000;	1.000000000000000;	1.000000000000000;	1.000000000000000;	1.000000000000000;	1.000000000000000;	1.000000000000000;	1.000000000000000;	1.000000000000000;	1.000000000000000;	1.000000000000000;	1.000000000000000;	1.000000000000000;	1.000000000000000;	1.000000000000000;	1.000000000000000;	1.000000000000000;	1.000000000000000;	1.000000000000000;	1.000000000000000;	1.000000000000000;	1.000000000000000;	1.000000000000000;	1.000000000000000;	1.000000000000000;	1.000000000000000;	1.000000000000000;	1.000000000000000;	1.000000000000000;	1.000000000000000
1.000000000000000;	1.000000000000000;	1.000000000000000;	1.000000000000000;	1.000000000000000;	1.000000000000000;	1.000000000000000;	1.000000000000000;	1.000000000000000;	1.000000000000000;	1.000000000000000;	1.000000000000000;	1.000000000000000;	1.000000000000000;	1.000000000000000;	1.000000000000000;	1.000000000000000;	1.000000000000000;	1.000000000000000;	1.000000000000000;	1.000000000000000;	1.000000000000000;	1.000000000000000;	1.000000000000000;	1.000000000000000;	1.000000000000000;	1.000000000000000;	1.000000000000000;	1.000000000000000;	1.000000000000000;	1.000000000000000;	1.000000000000000;	1.000000000000000;	1.000000000000000;	1.000000000000000;	1.000000000000000;	1.000000000000000;	1.000000000000000;	1.000000000000000;	1.000000000000000;	1.000000000000000;	1.000000000000000;	1.000000000000000;	1.000000000000000;	1.000000000000000;	1.000000000000000;	1.000000000000000;	1.000000000000000;	1.000000000000000;	1.000000000000000;	1.000000000000000;	1.000000000000000;	1.000000000000000;	1.000000000000000;	1.000000000000000;	1.000000000000000;	1.000000000000000;	1.000000000000000;	1.000000000000000;	1.000000000000000;	1.000000000000000;	1.000000000000000;	1.000000000000000;	1.000000000000000;	1.000000000000000;	1.000000000000000;	1.000000000000000;	1.000000000000000;	1.000000000000000;	1.000000000000000;	1.000000000000000;	1.000000000000000;	1.000000000000000;	1.000000000000000;	1.000000000000000;	1.000000000000000;	1.000000000000000;	1.000000000000000;	1.000000000000000;	1.000000000000000;	1.000000000000000;	1.000000000000000;	1.000000000000000;	1.000000000000000;	1.000000000000000;	1.000000000000000;	1.000000000000000;	1.000000000000000;	1.000000000000000;	1.000000000000000;	1.000000000000000;	1.000000000000000;	1.000000000000000;	1.000000000000000;	1.000000000000000;	1.000000000000000;	1.000000000000000;	1.000000000000000;	1.000000000000000;	1.000000000000000
1.000000000000000;	1.000000000000000;	1.000000000000000;	1.000000000000000;	1.000000000000000;	1.000000000000000;	1.000000000000000;	1.000000000000000;	1.000000000000000;	1.000000000000000;	1.000000000000000;	1.000000000000000;	1.000000000000000;	1.000000000000000;	1.000000000000000;	1.000000000000000;	1.000000000000000;	1.000000000000000;	1.000000000000000;	1.000000000000000;	1.000000000000000;	1.000000000000000;	1.000000000000000;	1.000000000000000;	1.000000000000000;	1.000000000000000;	1.000000000000000;	1.000000000000000;	1.000000000000000;	1.000000000000000;	1.000000000000000;	1.000000000000000;	1.000000000000000;	1.000000000000000;	1.000000000000000;	1.000000000000000;	1.000000000000000;	1.000000000000000;	1.000000000000000;	1.000000000000000;	1.000000000000000;	1.000000000000000;	1.000000000000000;	1.000000000000000;	1.000000000000000;	1.000000000000000;	1.000000000000000;	1.000000000000000;	1.000000000000000;	1.000000000000000;	1.000000000000000;	1.000000000000000;	1.000000000000000;	1.000000000000000;	1.000000000000000;	1.000000000000000;	1.000000000000000;	1.000000000000000;	1.000000000000000;	1.000000000000000;	1.000000000000000;	1.000000000000000;	1.000000000000000;	1.000000000000000;	1.000000000000000;	1.000000000000000;	1.000000000000000;	1.000000000000000;	1.000000000000000;	1.000000000000000;	1.000000000000000;	1.000000000000000;	1.000000000000000;	1.000000000000000;	1.000000000000000;	1.000000000000000;	1.000000000000000;	1.000000000000000;	1.000000000000000;	1.000000000000000;	1.000000000000000;	1.000000000000000;	1.000000000000000;	1.000000000000000;	1.000000000000000;	1.000000000000000;	1.000000000000000;	1.000000000000000;	1.000000000000000;	1.000000000000000;	1.000000000000000;	1.000000000000000;	1.000000000000000;	1.000000000000000;	1.000000000000000;	1.000000000000000;	1.000000000000000;	1.000000000000000;	1.000000000000000;	1.000000000000000
1.000000000000000;	1.000000000000000;	1.000000000000000;	1.000000000000000;	1.000000000000000;	1.000000000000000;	1.000000000000000;	1.000000000000000;	1.000000000000000;	1.000000000000000;	1.000000000000000;	1.000000000000000;	1.000000000000000;	1.000000000000000;	1.000000000000000;	1.000000000000000;	1.000000000000000;	1.000000000000000;	1.000000000000000;	1.000000000000000;	1.000000000000000;	1.000000000000000;	1.000000000000000;	1.000000000000000;	1.000000000000000;	1.000000000000000;	1.000000000000000;	1.000000000000000;	1.000000000000000;	1.000000000000000;	1.000000000000000;	1.000000000000000;	1.000000000000000;	1.000000000000000;	1.000000000000000;	1.000000000000000;	1.000000000000000;	1.000000000000000;	1.000000000000000;	1.000000000000000;	1.000000000000000;	1.000000000000000;	1.000000000000000;	1.000000000000000;	1.000000000000000;	1.000000000000000;	1.000000000000000;	1.000000000000000;	1.000000000000000;	1.000000000000000;	1.000000000000000;	1.000000000000000;	1.000000000000000;	1.000000000000000;	1.000000000000000;	1.000000000000000;	1.000000000000000;	1.000000000000000;	1.000000000000000;	1.000000000000000;	1.000000000000000;	1.000000000000000;	1.000000000000000;	1.000000000000000;	1.000000000000000;	1.000000000000000;	1.000000000000000;	1.000000000000000;	1.000000000000000;	1.000000000000000;	1.000000000000000;	1.000000000000000;	1.000000000000000;	1.000000000000000;	1.000000000000000;	1.000000000000000;	1.000000000000000;	1.000000000000000;	1.000000000000000;	1.000000000000000;	1.000000000000000;	1.000000000000000;	1.000000000000000;	1.000000000000000;	1.000000000000000;	1.000000000000000;	1.000000000000000;	1.000000000000000;	1.000000000000000;	1.000000000000000;	1.000000000000000;	1.000000000000000;	1.000000000000000;	1.000000000000000;	1.000000000000000;	1.000000000000000;	1.000000000000000;	1.000000000000000;	1.000000000000000;	1.000000000000000
1.000000000000000;	1.000000000000000;	1.000000000000000;	1.000000000000000;	1.000000000000000;	1.000000000000000;	1.000000000000000;	1.000000000000000;	1.000000000000000;	1.000000000000000;	1.000000000000000;	1.000000000000000;	1.000000000000000;	1.000000000000000;	1.000000000000000;	1.000000000000000;	1.000000000000000;	1.000000000000000;	1.000000000000000;	1.000000000000000;	1.000000000000000;	1.000000000000000;	1.000000000000000;	1.000000000000000;	1.000000000000000;	1.000000000000000;	1.000000000000000;	1.000000000000000;	1.000000000000000;	1.000000000000000;	1.000000000000000;	1.000000000000000;	1.000000000000000;	1.000000000000000;	1.000000000000000;	1.000000000000000;	1.000000000000000;	1.000000000000000;	1.000000000000000;	1.000000000000000;	1.000000000000000;	1.000000000000000;	1.000000000000000;	1.000000000000000;	1.000000000000000;	1.000000000000000;	1.000000000000000;	1.000000000000000;	1.000000000000000;	1.000000000000000;	1.000000000000000;	1.000000000000000;	1.000000000000000;	1.000000000000000;	1.000000000000000;	1.000000000000000;	1.000000000000000;	1.000000000000000;	1.000000000000000;	1.000000000000000;	1.000000000000000;	1.000000000000000;	1.000000000000000;	1.000000000000000;	1.000000000000000;	1.000000000000000;	1.000000000000000;	1.000000000000000;	1.000000000000000;	1.000000000000000;	1.000000000000000;	1.000000000000000;	1.000000000000000;	1.000000000000000;	1.000000000000000;	1.000000000000000;	1.000000000000000;	1.000000000000000;	1.000000000000000;	1.000000000000000;	1.000000000000000;	1.000000000000000;	1.000000000000000;	1.000000000000000;	1.000000000000000;	1.000000000000000;	1.000000000000000;	1.000000000000000;	1.000000000000000;	1.000000000000000;	1.000000000000000;	1.000000000000000;	1.000000000000000;	1.000000000000000;	1.000000000000000;	1.000000000000000;	1.000000000000000;	1.000000000000000;	1.000000000000000;	1.000000000000000
1.000000000000000;	1.000000000000000;	1.000000000000000;	1.000000000000000;	1.000000000000000;	1.000000000000000;	1.000000000000000;	1.000000000000000;	1.000000000000000;	1.000000000000000;	1.000000000000000;	1.000000000000000;	1.000000000000000;	1.000000000000000;	1.000000000000000;	1.000000000000000;	1.000000000000000;	1.000000000000000;	1.000000000000000;	1.000000000000000;	1.000000000000000;	1.000000000000000;	1.000000000000000;	1.000000000000000;	1.000000000000000;	1.000000000000000;	1.000000000000000;	1.000000000000000;	1.000000000000000;	1.000000000000000;	1.000000000000000;	1.000000000000000;	1.000000000000000;	1.000000000000000;	1.000000000000000;	1.000000000000000;	1.000000000000000;	1.000000000000000;	1.000000000000000;	1.000000000000000;	1.000000000000000;	1.000000000000000;	1.000000000000000;	1.000000000000000;	1.000000000000000;	1.000000000000000;	1.000000000000000;	1.000000000000000;	1.000000000000000;	1.000000000000000;	1.000000000000000;	1.000000000000000;	1.000000000000000;	1.000000000000000;	1.000000000000000;	1.000000000000000;	1.000000000000000;	1.000000000000000;	1.000000000000000;	1.000000000000000;	1.000000000000000;	1.000000000000000;	1.000000000000000;	1.000000000000000;	1.000000000000000;	1.000000000000000;	1.000000000000000;	1.000000000000000;	1.000000000000000;	1.000000000000000;	1.000000000000000;	1.000000000000000;	1.000000000000000;	1.000000000000000;	1.000000000000000;	1.000000000000000;	1.000000000000000;	1.000000000000000;	1.000000000000000;	1.000000000000000;	1.000000000000000;	1.000000000000000;	1.000000000000000;	1.000000000000000;	1.000000000000000;	1.000000000000000;	1.000000000000000;	1.000000000000000;	1.000000000000000;	1.000000000000000;	1.000000000000000;	1.000000000000000;	1.000000000000000;	1.000000000000000;	1.000000000000000;	1.000000000000000;	1.000000000000000;	1.000000000000000;	1.000000000000000;	1.000000000000000
1.000000000000000;	1.000000000000000;	1.000000000000000;	1.000000000000000;	1.000000000000000;	1.000000000000000;	1.000000000000000;	1.000000000000000;	1.000000000000000;	1.000000000000000;	1.000000000000000;	1.000000000000000;	1.000000000000000;	1.000000000000000;	1.000000000000000;	1.000000000000000;	1.000000000000000;	1.000000000000000;	1.000000000000000;	1.000000000000000;	1.000000000000000;	1.000000000000000;	1.000000000000000;	1.000000000000000;	1.000000000000000;	1.000000000000000;	1.000000000000000;	1.000000000000000;	1.000000000000000;	1.000000000000000;	1.000000000000000;	1.000000000000000;	1.000000000000000;	1.000000000000000;	1.000000000000000;	1.000000000000000;	1.000000000000000;	1.000000000000000;	1.000000000000000;	1.000000000000000;	1.000000000000000;	1.000000000000000;	1.000000000000000;	1.000000000000000;	1.000000000000000;	1.000000000000000;	1.000000000000000;	1.000000000000000;	1.000000000000000;	1.000000000000000;	1.000000000000000;	1.000000000000000;	1.000000000000000;	1.000000000000000;	1.000000000000000;	1.000000000000000;	1.000000000000000;	1.000000000000000;	1.000000000000000;	1.000000000000000;	1.000000000000000;	1.000000000000000;	1.000000000000000;	1.000000000000000;	1.000000000000000;	1.000000000000000;	1.000000000000000;	1.000000000000000;	1.000000000000000;	1.000000000000000;	1.000000000000000;	1.000000000000000;	1.000000000000000;	1.000000000000000;	1.000000000000000;	1.000000000000000;	1.000000000000000;	1.000000000000000;	1.000000000000000;	1.000000000000000;	1.000000000000000;	1.000000000000000;	1.000000000000000;	1.000000000000000;	1.000000000000000;	1.000000000000000;	1.000000000000000;	1.000000000000000;	1.000000000000000;	1.000000000000000;	1.000000000000000;	1.000000000000000;	1.000000000000000;	1.000000000000000;	1.000000000000000;	1.000000000000000;	1.000000000000000;	1.000000000000000;	1.000000000000000;	1.000000000000000
1.000000000000000;	1.000000000000000;	1.000000000000000;	1.000000000000000;	1.000000000000000;	1.000000000000000;	1.000000000000000;	1.000000000000000;	1.000000000000000;	1.000000000000000;	1.000000000000000;	1.000000000000000;	1.000000000000000;	1.000000000000000;	1.000000000000000;	1.000000000000000;	1.000000000000000;	1.000000000000000;	1.000000000000000;	1.000000000000000;	1.000000000000000;	1.000000000000000;	1.000000000000000;	1.000000000000000;	1.000000000000000;	1.000000000000000;	1.000000000000000;	1.000000000000000;	1.000000000000000;	1.000000000000000;	1.000000000000000;	1.000000000000000;	1.000000000000000;	1.000000000000000;	1.000000000000000;	1.000000000000000;	1.000000000000000;	1.000000000000000;	1.000000000000000;	1.000000000000000;	1.000000000000000;	1.000000000000000;	1.000000000000000;	1.000000000000000;	1.000000000000000;	1.000000000000000;	1.000000000000000;	1.000000000000000;	1.000000000000000;	1.000000000000000;	1.000000000000000;	1.000000000000000;	1.000000000000000;	1.000000000000000;	1.000000000000000;	1.000000000000000;	1.000000000000000;	1.000000000000000;	1.000000000000000;	1.000000000000000;	1.000000000000000;	1.000000000000000;	1.000000000000000;	1.000000000000000;	1.000000000000000;	1.000000000000000;	1.000000000000000;	1.000000000000000;	1.000000000000000;	1.000000000000000;	1.000000000000000;	1.000000000000000;	1.000000000000000;	1.000000000000000;	1.000000000000000;	1.000000000000000;	1.000000000000000;	1.000000000000000;	1.000000000000000;	1.000000000000000;	1.000000000000000;	1.000000000000000;	1.000000000000000;	1.000000000000000;	1.000000000000000;	1.000000000000000;	1.000000000000000;	1.000000000000000;	1.000000000000000;	1.000000000000000;	1.000000000000000;	1.000000000000000;	1.000000000000000;	1.000000000000000;	1.000000000000000;	1.000000000000000;	1.000000000000000;	1.000000000000000;	1.000000000000000;	1.000000000000000
1.000000000000000;	1.000000000000000;	1.000000000000000;	1.000000000000000;	1.000000000000000;	1.000000000000000;	1.000000000000000;	1.000000000000000;	1.000000000000000;	1.000000000000000;	1.000000000000000;	1.000000000000000;	1.000000000000000;	1.000000000000000;	1.000000000000000;	1.000000000000000;	1.000000000000000;	1.000000000000000;	1.000000000000000;	1.000000000000000;	1.000000000000000;	1.000000000000000;	1.000000000000000;	1.000000000000000;	1.000000000000000;	1.000000000000000;	1.000000000000000;	1.000000000000000;	1.000000000000000;	1.000000000000000;	1.000000000000000;	1.000000000000000;	1.000000000000000;	1.000000000000000;	1.000000000000000;	1.000000000000000;	1.000000000000000;	1.000000000000000;	1.000000000000000;	1.000000000000000;	1.000000000000000;	1.000000000000000;	1.000000000000000;	1.000000000000000;	1.000000000000000;	1.000000000000000;	1.000000000000000;	1.000000000000000;	1.000000000000000;	1.000000000000000;	1.000000000000000;	1.000000000000000;	1.000000000000000;	1.000000000000000;	1.000000000000000;	1.000000000000000;	1.000000000000000;	1.000000000000000;	1.000000000000000;	1.000000000000000;	1.000000000000000;	1.000000000000000;	1.000000000000000;	1.000000000000000;	1.000000000000000;	1.000000000000000;	1.000000000000000;	1.000000000000000;	1.000000000000000;	1.000000000000000;	1.000000000000000;	1.000000000000000;	1.000000000000000;	1.000000000000000;	1.000000000000000;	1.000000000000000;	1.000000000000000;	1.000000000000000;	1.000000000000000;	1.000000000000000;	1.000000000000000;	1.000000000000000;	1.000000000000000;	1.000000000000000;	1.000000000000000;	1.000000000000000;	1.000000000000000;	1.000000000000000;	1.000000000000000;	1.000000000000000;	1.000000000000000;	1.000000000000000;	1.000000000000000;	1.000000000000000;	1.000000000000000;	1.000000000000000;	1.000000000000000;	1.000000000000000;	1.000000000000000;	1.000000000000000
1.000000000000000;	1.000000000000000;	1.000000000000000;	1.000000000000000;	1.000000000000000;	1.000000000000000;	1.000000000000000;	1.000000000000000;	1.000000000000000;	1.000000000000000;	1.000000000000000;	1.000000000000000;	1.000000000000000;	1.000000000000000;	1.000000000000000;	1.000000000000000;	1.000000000000000;	1.000000000000000;	1.000000000000000;	1.000000000000000;	1.000000000000000;	1.000000000000000;	1.000000000000000;	1.000000000000000;	1.000000000000000;	1.000000000000000;	1.000000000000000;	1.000000000000000;	1.000000000000000;	1.000000000000000;	1.000000000000000;	1.000000000000000;	1.000000000000000;	1.000000000000000;	1.000000000000000;	1.000000000000000;	1.000000000000000;	1.000000000000000;	1.000000000000000;	1.000000000000000;	1.000000000000000;	1.000000000000000;	1.000000000000000;	1.000000000000000;	1.000000000000000;	1.000000000000000;	1.000000000000000;	1.000000000000000;	1.000000000000000;	1.000000000000000;	1.000000000000000;	1.000000000000000;	1.000000000000000;	1.000000000000000;	1.000000000000000;	1.000000000000000;	1.000000000000000;	1.000000000000000;	1.000000000000000;	1.000000000000000;	1.000000000000000;	1.000000000000000;	1.000000000000000;	1.000000000000000;	1.000000000000000;	1.000000000000000;	1.000000000000000;	1.000000000000000;	1.000000000000000;	1.000000000000000;	1.000000000000000;	1.000000000000000;	1.000000000000000;	1.000000000000000;	1.000000000000000;	1.000000000000000;	1.000000000000000;	1.000000000000000;	1.000000000000000;	1.000000000000000;	1.000000000000000;	1.000000000000000;	1.000000000000000;	1.000000000000000;	1.000000000000000;	1.000000000000000;	1.000000000000000;	1.000000000000000;	1.000000000000000;	1.000000000000000;	1.000000000000000;	1.000000000000000;	1.000000000000000;	1.000000000000000;	1.000000000000000;	1.000000000000000;	1.000000000000000;	1.000000000000000;	1.000000000000000;	1.000000000000000
1.000000000000000;	1.000000000000000;	1.000000000000000;	1.000000000000000;	1.000000000000000;	1.000000000000000;	1.000000000000000;	1.000000000000000;	1.000000000000000;	1.000000000000000;	1.000000000000000;	1.000000000000000;	1.000000000000000;	1.000000000000000;	1.000000000000000;	1.000000000000000;	1.000000000000000;	1.000000000000000;	1.000000000000000;	1.000000000000000;	1.000000000000000;	1.000000000000000;	1.000000000000000;	1.000000000000000;	1.000000000000000;	1.000000000000000;	1.000000000000000;	1.000000000000000;	1.000000000000000;	1.000000000000000;	1.000000000000000;	1.000000000000000;	1.000000000000000;	1.000000000000000;	1.000000000000000;	1.000000000000000;	1.000000000000000;	1.000000000000000;	1.000000000000000;	1.000000000000000;	1.000000000000000;	1.000000000000000;	1.000000000000000;	1.000000000000000;	1.000000000000000;	1.000000000000000;	1.000000000000000;	1.000000000000000;	1.000000000000000;	1.000000000000000;	1.000000000000000;	1.000000000000000;	1.000000000000000;	1.000000000000000;	1.000000000000000;	1.000000000000000;	1.000000000000000;	1.000000000000000;	1.000000000000000;	1.000000000000000;	1.000000000000000;	1.000000000000000;	1.000000000000000;	1.000000000000000;	1.000000000000000;	1.000000000000000;	1.000000000000000;	1.000000000000000;	1.000000000000000;	1.000000000000000;	1.000000000000000;	1.000000000000000;	1.000000000000000;	1.000000000000000;	1.000000000000000;	1.000000000000000;	1.000000000000000;	1.000000000000000;	1.000000000000000;	1.000000000000000;	1.000000000000000;	1.000000000000000;	1.000000000000000;	1.000000000000000;	1.000000000000000;	1.000000000000000;	1.000000000000000;	1.000000000000000;	1.000000000000000;	1.000000000000000;	1.000000000000000;	1.000000000000000;	1.000000000000000;	1.000000000000000;	1.000000000000000;	1.000000000000000;	1.000000000000000;	1.000000000000000;	1.000000000000000;	1.000000000000000
1.000000000000000;	1.000000000000000;	1.000000000000000;	1.000000000000000;	1.000000000000000;	1.000000000000000;	1.000000000000000;	1.000000000000000;	1.000000000000000;	1.000000000000000;	1.000000000000000;	1.000000000000000;	1.000000000000000;	1.000000000000000;	1.000000000000000;	1.000000000000000;	1.000000000000000;	1.000000000000000;	1.000000000000000;	1.000000000000000;	1.000000000000000;	1.000000000000000;	1.000000000000000;	1.000000000000000;	1.000000000000000;	1.000000000000000;	1.000000000000000;	1.000000000000000;	1.000000000000000;	1.000000000000000;	1.000000000000000;	1.000000000000000;	1.000000000000000;	1.000000000000000;	1.000000000000000;	1.000000000000000;	1.000000000000000;	1.000000000000000;	1.000000000000000;	1.000000000000000;	1.000000000000000;	1.000000000000000;	1.000000000000000;	1.000000000000000;	1.000000000000000;	1.000000000000000;	1.000000000000000;	1.000000000000000;	1.000000000000000;	1.000000000000000;	1.000000000000000;	1.000000000000000;	1.000000000000000;	1.000000000000000;	1.000000000000000;	1.000000000000000;	1.000000000000000;	1.000000000000000;	1.000000000000000;	1.000000000000000;	1.000000000000000;	1.000000000000000;	1.000000000000000;	1.000000000000000;	1.000000000000000;	1.000000000000000;	1.000000000000000;	1.000000000000000;	1.000000000000000;	1.000000000000000;	1.000000000000000;	1.000000000000000;	1.000000000000000;	1.000000000000000;	1.000000000000000;	1.000000000000000;	1.000000000000000;	1.000000000000000;	1.000000000000000;	1.000000000000000;	1.000000000000000;	1.000000000000000;	1.000000000000000;	1.000000000000000;	1.000000000000000;	1.000000000000000;	1.000000000000000;	1.000000000000000;	1.000000000000000;	1.000000000000000;	1.000000000000000;	1.000000000000000;	1.000000000000000;	1.000000000000000;	1.000000000000000;	1.000000000000000;	1.000000000000000;	1.000000000000000;	1.000000000000000;	1.000000000000000
1.000000000000000;	1.000000000000000;	1.000000000000000;	1.000000000000000;	1.000000000000000;	1.000000000000000;	1.000000000000000;	1.000000000000000;	1.000000000000000;	1.000000000000000;	1.000000000000000;	1.000000000000000;	1.000000000000000;	1.000000000000000;	1.000000000000000;	1.000000000000000;	1.000000000000000;	1.000000000000000;	1.000000000000000;	1.000000000000000;	1.000000000000000;	1.000000000000000;	1.000000000000000;	1.000000000000000;	1.000000000000000;	1.000000000000000;	1.000000000000000;	1.000000000000000;	1.000000000000000;	1.000000000000000;	1.000000000000000;	1.000000000000000;	1.000000000000000;	1.000000000000000;	1.000000000000000;	1.000000000000000;	1.000000000000000;	1.000000000000000;	1.000000000000000;	1.000000000000000;	1.000000000000000;	1.000000000000000;	1.000000000000000;	1.000000000000000;	1.000000000000000;	1.000000000000000;	1.000000000000000;	1.000000000000000;	1.000000000000000;	1.000000000000000;	1.000000000000000;	1.000000000000000;	1.000000000000000;	1.000000000000000;	1.000000000000000;	1.000000000000000;	1.000000000000000;	1.000000000000000;	1.000000000000000;	1.000000000000000;	1.000000000000000;	1.000000000000000;	1.000000000000000;	1.000000000000000;	1.000000000000000;	1.000000000000000;	1.000000000000000;	1.000000000000000;	1.000000000000000;	1.000000000000000;	1.000000000000000;	1.000000000000000;	1.000000000000000;	1.000000000000000;	1.000000000000000;	1.000000000000000;	1.000000000000000;	1.000000000000000;	1.000000000000000;	1.000000000000000;	1.000000000000000;	1.000000000000000;	1.000000000000000;	1.000000000000000;	1.000000000000000;	1.000000000000000;	1.000000000000000;	1.000000000000000;	1.000000000000000;	1.000000000000000;	1.000000000000000;	1.000000000000000;	1.000000000000000;	1.000000000000000;	1.000000000000000;	1.000000000000000;	1.000000000000000;	1.000000000000000;	1.000000000000000;	1.000000000000000
1.000000000000000;	1.000000000000000;	1.000000000000000;	1.000000000000000;	1.000000000000000;	1.000000000000000;	1.000000000000000;	1.000000000000000;	1.000000000000000;	1.000000000000000;	1.000000000000000;	1.000000000000000;	1.000000000000000;	1.000000000000000;	1.000000000000000;	1.000000000000000;	1.000000000000000;	1.000000000000000;	1.000000000000000;	1.000000000000000;	1.000000000000000;	1.000000000000000;	1.000000000000000;	1.000000000000000;	1.000000000000000;	1.000000000000000;	1.000000000000000;	1.000000000000000;	1.000000000000000;	1.000000000000000;	1.000000000000000;	1.000000000000000;	1.000000000000000;	1.000000000000000;	1.000000000000000;	1.000000000000000;	1.000000000000000;	1.000000000000000;	1.000000000000000;	1.000000000000000;	1.000000000000000;	1.000000000000000;	1.000000000000000;	1.000000000000000;	1.000000000000000;	1.000000000000000;	1.000000000000000;	1.000000000000000;	1.000000000000000;	1.000000000000000;	1.000000000000000;	1.000000000000000;	1.000000000000000;	1.000000000000000;	1.000000000000000;	1.000000000000000;	1.000000000000000;	1.000000000000000;	1.000000000000000;	1.000000000000000;	1.000000000000000;	1.000000000000000;	1.000000000000000;	1.000000000000000;	1.000000000000000;	1.000000000000000;	1.000000000000000;	1.000000000000000;	1.000000000000000;	1.000000000000000;	1.000000000000000;	1.000000000000000;	1.000000000000000;	1.000000000000000;	1.000000000000000;	1.000000000000000;	1.000000000000000;	1.000000000000000;	1.000000000000000;	1.000000000000000;	1.000000000000000;	1.000000000000000;	1.000000000000000;	1.000000000000000;	1.000000000000000;	1.000000000000000;	1.000000000000000;	1.000000000000000;	1.000000000000000;	1.000000000000000;	1.000000000000000;	1.000000000000000;	1.000000000000000;	1.000000000000000;	1.000000000000000;	1.000000000000000;	1.000000000000000;	1.000000000000000;	1.000000000000000;	1.000000000000000
1.000000000000000;	1.000000000000000;	1.000000000000000;	1.000000000000000;	1.000000000000000;	1.000000000000000;	1.000000000000000;	1.000000000000000;	1.000000000000000;	1.000000000000000;	1.000000000000000;	1.000000000000000;	1.000000000000000;	1.000000000000000;	1.000000000000000;	1.000000000000000;	1.000000000000000;	1.000000000000000;	1.000000000000000;	1.000000000000000;	1.000000000000000;	1.000000000000000;	1.000000000000000;	1.000000000000000;	1.000000000000000;	1.000000000000000;	1.000000000000000;	1.000000000000000;	1.000000000000000;	1.000000000000000;	1.000000000000000;	1.000000000000000;	1.000000000000000;	1.000000000000000;	1.000000000000000;	1.000000000000000;	1.000000000000000;	1.000000000000000;	1.000000000000000;	1.000000000000000;	1.000000000000000;	1.000000000000000;	1.000000000000000;	1.000000000000000;	1.000000000000000;	1.000000000000000;	1.000000000000000;	1.000000000000000;	1.000000000000000;	1.000000000000000;	1.000000000000000;	1.000000000000000;	1.000000000000000;	1.000000000000000;	1.000000000000000;	1.000000000000000;	1.000000000000000;	1.000000000000000;	1.000000000000000;	1.000000000000000;	1.000000000000000;	1.000000000000000;	1.000000000000000;	1.000000000000000;	1.000000000000000;	1.000000000000000;	1.000000000000000;	1.000000000000000;	1.000000000000000;	1.000000000000000;	1.000000000000000;	1.000000000000000;	1.000000000000000;	1.000000000000000;	1.000000000000000;	1.000000000000000;	1.000000000000000;	1.000000000000000;	1.000000000000000;	1.000000000000000;	1.000000000000000;	1.000000000000000;	1.000000000000000;	1.000000000000000;	1.000000000000000;	1.000000000000000;	1.000000000000000;	1.000000000000000;	1.000000000000000;	1.000000000000000;	1.000000000000000;	1.000000000000000;	1.000000000000000;	1.000000000000000;	1.000000000000000;	1.000000000000000;	1.000000000000000;	1.000000000000000;	1.000000000000000;	1.000000000000000
1.000000000000000;	1.000000000000000;	1.000000000000000;	1.000000000000000;	1.000000000000000;	1.000000000000000;	1.000000000000000;	1.000000000000000;	1.000000000000000;	1.000000000000000;	1.000000000000000;	1.000000000000000;	1.000000000000000;	1.000000000000000;	1.000000000000000;	1.000000000000000;	1.000000000000000;	1.000000000000000;	1.000000000000000;	1.000000000000000;	1.000000000000000;	1.000000000000000;	1.000000000000000;	1.000000000000000;	1.000000000000000;	1.000000000000000;	1.000000000000000;	1.000000000000000;	1.000000000000000;	1.000000000000000;	1.000000000000000;	1.000000000000000;	1.000000000000000;	1.000000000000000;	1.000000000000000;	1.000000000000000;	1.000000000000000;	1.000000000000000;	1.000000000000000;	1.000000000000000;	1.000000000000000;	1.000000000000000;	1.000000000000000;	1.000000000000000;	1.000000000000000;	1.000000000000000;	1.000000000000000;	1.000000000000000;	1.000000000000000;	1.000000000000000;	1.000000000000000;	1.000000000000000;	1.000000000000000;	1.000000000000000;	1.000000000000000;	1.000000000000000;	1.000000000000000;	1.000000000000000;	1.000000000000000;	1.000000000000000;	1.000000000000000;	1.000000000000000;	1.000000000000000;	1.000000000000000;	1.000000000000000;	1.000000000000000;	1.000000000000000;	1.000000000000000;	1.000000000000000;	1.000000000000000;	1.000000000000000;	1.000000000000000;	1.000000000000000;	1.000000000000000;	1.000000000000000;	1.000000000000000;	1.000000000000000;	1.000000000000000;	1.000000000000000;	1.000000000000000;	1.000000000000000;	1.000000000000000;	1.000000000000000;	1.000000000000000;	1.000000000000000;	1.000000000000000;	1.000000000000000;	1.000000000000000;	1.000000000000000;	1.000000000000000;	1.000000000000000;	1.000000000000000;	1.000000000000000;	1.000000000000000;	1.000000000000000;	1.000000000000000;	1.000000000000000;	1.000000000000000;	1.000000000000000;	1.000000000000000
1.000000000000000;	1.000000000000000;	1.000000000000000;	1.000000000000000;	1.000000000000000;	1.000000000000000;	1.000000000000000;	1.000000000000000;	1.000000000000000;	1.000000000000000;	1.000000000000000;	1.000000000000000;	1.000000000000000;	1.000000000000000;	1.000000000000000;	1.000000000000000;	1.000000000000000;	1.000000000000000;	1.000000000000000;	1.000000000000000;	1.000000000000000;	1.000000000000000;	1.000000000000000;	1.000000000000000;	1.000000000000000;	1.000000000000000;	1.000000000000000;	1.000000000000000;	1.000000000000000;	1.000000000000000;	1.000000000000000;	1.000000000000000;	1.000000000000000;	1.000000000000000;	1.000000000000000;	1.000000000000000;	1.000000000000000;	1.000000000000000;	1.000000000000000;	1.000000000000000;	1.000000000000000;	1.000000000000000;	1.000000000000000;	1.000000000000000;	1.000000000000000;	1.000000000000000;	1.000000000000000;	1.000000000000000;	1.000000000000000;	1.000000000000000;	1.000000000000000;	1.000000000000000;	1.000000000000000;	1.000000000000000;	1.000000000000000;	1.000000000000000;	1.000000000000000;	1.000000000000000;	1.000000000000000;	1.000000000000000;	1.000000000000000;	1.000000000000000;	1.000000000000000;	1.000000000000000;	1.000000000000000;	1.000000000000000;	1.000000000000000;	1.000000000000000;	1.000000000000000;	1.000000000000000;	1.000000000000000;	1.000000000000000;	1.000000000000000;	1.000000000000000;	1.000000000000000;	1.000000000000000;	1.000000000000000;	1.000000000000000;	1.000000000000000;	1.000000000000000;	1.000000000000000;	1.000000000000000;	1.000000000000000;	1.000000000000000;	1.000000000000000;	1.000000000000000;	1.000000000000000;	1.000000000000000;	1.000000000000000;	1.000000000000000;	1.000000000000000;	1.000000000000000;	1.000000000000000;	1.000000000000000;	1.000000000000000;	1.000000000000000;	1.000000000000000;	1.000000000000000;	1.000000000000000;	1.000000000000000
1.000000000000000;	1.000000000000000;	1.000000000000000;	1.000000000000000;	1.000000000000000;	1.000000000000000;	1.000000000000000;	1.000000000000000;	1.000000000000000;	1.000000000000000;	1.000000000000000;	1.000000000000000;	1.000000000000000;	1.000000000000000;	1.000000000000000;	1.000000000000000;	1.000000000000000;	1.000000000000000;	1.000000000000000;	1.000000000000000;	1.000000000000000;	1.000000000000000;	1.000000000000000;	1.000000000000000;	1.000000000000000;	1.000000000000000;	1.000000000000000;	1.000000000000000;	1.000000000000000;	1.000000000000000;	1.000000000000000;	1.000000000000000;	1.000000000000000;	1.000000000000000;	1.000000000000000;	1.000000000000000;	1.000000000000000;	1.000000000000000;	1.000000000000000;	1.000000000000000;	1.000000000000000;	1.000000000000000;	1.000000000000000;	1.000000000000000;	1.000000000000000;	1.000000000000000;	1.000000000000000;	1.000000000000000;	1.000000000000000;	1.000000000000000;	1.000000000000000;	1.000000000000000;	1.000000000000000;	1.000000000000000;	1.000000000000000;	1.000000000000000;	1.000000000000000;	1.000000000000000;	1.000000000000000;	1.000000000000000;	1.000000000000000;	1.000000000000000;	1.000000000000000;	1.000000000000000;	1.000000000000000;	1.000000000000000;	1.000000000000000;	1.000000000000000;	1.000000000000000;	1.000000000000000;	1.000000000000000;	1.000000000000000;	1.000000000000000;	1.000000000000000;	1.000000000000000;	1.000000000000000;	1.000000000000000;	1.000000000000000;	1.000000000000000;	1.000000000000000;	1.000000000000000;	1.000000000000000;	1.000000000000000;	1.000000000000000;	1.000000000000000;	1.000000000000000;	1.000000000000000;	1.000000000000000;	1.000000000000000;	1.000000000000000;	1.000000000000000;	1.000000000000000;	1.000000000000000;	1.000000000000000;	1.000000000000000;	1.000000000000000;	1.000000000000000;	1.000000000000000;	1.000000000000000;	1.000000000000000
1.000000000000000;	1.000000000000000;	1.000000000000000;	1.000000000000000;	1.000000000000000;	1.000000000000000;	1.000000000000000;	1.000000000000000;	1.000000000000000;	1.000000000000000;	1.000000000000000;	1.000000000000000;	1.000000000000000;	1.000000000000000;	1.000000000000000;	1.000000000000000;	1.000000000000000;	1.000000000000000;	1.000000000000000;	1.000000000000000;	1.000000000000000;	1.000000000000000;	1.000000000000000;	1.000000000000000;	1.000000000000000;	1.000000000000000;	1.000000000000000;	1.000000000000000;	1.000000000000000;	1.000000000000000;	1.000000000000000;	1.000000000000000;	1.000000000000000;	1.000000000000000;	1.000000000000000;	1.000000000000000;	1.000000000000000;	1.000000000000000;	1.000000000000000;	1.000000000000000;	1.000000000000000;	1.000000000000000;	1.000000000000000;	1.000000000000000;	1.000000000000000;	1.000000000000000;	1.000000000000000;	1.000000000000000;	1.000000000000000;	1.000000000000000;	1.000000000000000;	1.000000000000000;	1.000000000000000;	1.000000000000000;	1.000000000000000;	1.000000000000000;	1.000000000000000;	1.000000000000000;	1.000000000000000;	1.000000000000000;	1.000000000000000;	1.000000000000000;	1.000000000000000;	1.000000000000000;	1.000000000000000;	1.000000000000000;	1.000000000000000;	1.000000000000000;	1.000000000000000;	1.000000000000000;	1.000000000000000;	1.000000000000000;	1.000000000000000;	1.000000000000000;	1.000000000000000;	1.000000000000000;	1.000000000000000;	1.000000000000000;	1.000000000000000;	1.000000000000000;	1.000000000000000;	1.000000000000000;	1.000000000000000;	1.000000000000000;	1.000000000000000;	1.000000000000000;	1.000000000000000;	1.000000000000000;	1.000000000000000;	1.000000000000000;	1.000000000000000;	1.000000000000000;	1.000000000000000;	1.000000000000000;	1.000000000000000;	1.000000000000000;	1.000000000000000;	1.000000000000000;	1.000000000000000;	1.000000000000000
1.000000000000000;	1.000000000000000;	1.000000000000000;	1.000000000000000;	1.000000000000000;	1.000000000000000;	1.000000000000000;	1.000000000000000;	1.000000000000000;	1.000000000000000;	1.000000000000000;	1.000000000000000;	1.000000000000000;	1.000000000000000;	1.000000000000000;	1.000000000000000;	1.000000000000000;	1.000000000000000;	1.000000000000000;	1.000000000000000;	1.000000000000000;	1.000000000000000;	1.000000000000000;	1.000000000000000;	1.000000000000000;	1.000000000000000;	1.000000000000000;	1.000000000000000;	1.000000000000000;	1.000000000000000;	1.000000000000000;	1.000000000000000;	1.000000000000000;	1.000000000000000;	1.000000000000000;	1.000000000000000;	1.000000000000000;	1.000000000000000;	1.000000000000000;	1.000000000000000;	1.000000000000000;	1.000000000000000;	1.000000000000000;	1.000000000000000;	1.000000000000000;	1.000000000000000;	1.000000000000000;	1.000000000000000;	1.000000000000000;	1.000000000000000;	1.000000000000000;	1.000000000000000;	1.000000000000000;	1.000000000000000;	1.000000000000000;	1.000000000000000;	1.000000000000000;	1.000000000000000;	1.000000000000000;	1.000000000000000;	1.000000000000000;	1.000000000000000;	1.000000000000000;	1.000000000000000;	1.000000000000000;	1.000000000000000;	1.000000000000000;	1.000000000000000;	1.000000000000000;	1.000000000000000;	1.000000000000000;	1.000000000000000;	1.000000000000000;	1.000000000000000;	1.000000000000000;	1.000000000000000;	1.000000000000000;	1.000000000000000;	1.000000000000000;	1.000000000000000;	1.000000000000000;	1.000000000000000;	1.000000000000000;	1.000000000000000;	1.000000000000000;	1.000000000000000;	1.000000000000000;	1.000000000000000;	1.000000000000000;	1.000000000000000;	1.000000000000000;	1.000000000000000;	1.000000000000000;	1.000000000000000;	1.000000000000000;	1.000000000000000;	1.000000000000000;	1.000000000000000;	1.000000000000000;	1.000000000000000
1.000000000000000;	1.000000000000000;	1.000000000000000;	1.000000000000000;	1.000000000000000;	1.000000000000000;	1.000000000000000;	1.000000000000000;	1.000000000000000;	1.000000000000000;	1.000000000000000;	1.000000000000000;	1.000000000000000;	1.000000000000000;	1.000000000000000;	1.000000000000000;	1.000000000000000;	1.000000000000000;	1.000000000000000;	1.000000000000000;	1.000000000000000;	1.000000000000000;	1.000000000000000;	1.000000000000000;	1.000000000000000;	1.000000000000000;	1.000000000000000;	1.000000000000000;	1.000000000000000;	1.000000000000000;	1.000000000000000;	1.000000000000000;	1.000000000000000;	1.000000000000000;	1.000000000000000;	1.000000000000000;	1.000000000000000;	1.000000000000000;	1.000000000000000;	1.000000000000000;	1.000000000000000;	1.000000000000000;	1.000000000000000;	1.000000000000000;	1.000000000000000;	1.000000000000000;	1.000000000000000;	1.000000000000000;	1.000000000000000;	1.000000000000000;	1.000000000000000;	1.000000000000000;	1.000000000000000;	1.000000000000000;	1.000000000000000;	1.000000000000000;	1.000000000000000;	1.000000000000000;	1.000000000000000;	1.000000000000000;	1.000000000000000;	1.000000000000000;	1.000000000000000;	1.000000000000000;	1.000000000000000;	1.000000000000000;	1.000000000000000;	1.000000000000000;	1.000000000000000;	1.000000000000000;	1.000000000000000;	1.000000000000000;	1.000000000000000;	1.000000000000000;	1.000000000000000;	1.000000000000000;	1.000000000000000;	1.000000000000000;	1.000000000000000;	1.000000000000000;	1.000000000000000;	1.000000000000000;	1.000000000000000;	1.000000000000000;	1.000000000000000;	1.000000000000000;	1.000000000000000;	1.000000000000000;	1.000000000000000;	1.000000000000000;	1.000000000000000;	1.000000000000000;	1.000000000000000;	1.000000000000000;	1.000000000000000;	1.000000000000000;	1.000000000000000;	1.000000000000000;	1.000000000000000;	1.000000000000000
1.000000000000000;	1.000000000000000;	1.000000000000000;	1.000000000000000;	1.000000000000000;	1.000000000000000;	1.000000000000000;	1.000000000000000;	1.000000000000000;	1.000000000000000;	1.000000000000000;	1.000000000000000;	1.000000000000000;	1.000000000000000;	1.000000000000000;	1.000000000000000;	1.000000000000000;	1.000000000000000;	1.000000000000000;	1.000000000000000;	1.000000000000000;	1.000000000000000;	1.000000000000000;	1.000000000000000;	1.000000000000000;	1.000000000000000;	1.000000000000000;	1.000000000000000;	1.000000000000000;	1.000000000000000;	1.000000000000000;	1.000000000000000;	1.000000000000000;	1.000000000000000;	1.000000000000000;	1.000000000000000;	1.000000000000000;	1.000000000000000;	1.000000000000000;	1.000000000000000;	1.000000000000000;	1.000000000000000;	1.000000000000000;	1.000000000000000;	1.000000000000000;	1.000000000000000;	1.000000000000000;	1.000000000000000;	1.000000000000000;	1.000000000000000;	1.000000000000000;	1.000000000000000;	1.000000000000000;	1.000000000000000;	1.000000000000000;	1.000000000000000;	1.000000000000000;	1.000000000000000;	1.000000000000000;	1.000000000000000;	1.000000000000000;	1.000000000000000;	1.000000000000000;	1.000000000000000;	1.000000000000000;	1.000000000000000;	1.000000000000000;	1.000000000000000;	1.000000000000000;	1.000000000000000;	1.000000000000000;	1.000000000000000;	1.000000000000000;	1.000000000000000;	1.000000000000000;	1.000000000000000;	1.000000000000000;	1.000000000000000;	1.000000000000000;	1.000000000000000;	1.000000000000000;	1.000000000000000;	1.000000000000000;	1.000000000000000;	1.000000000000000;	1.000000000000000;	1.000000000000000;	1.000000000000000;	1.000000000000000;	1.000000000000000;	1.000000000000000;	1.000000000000000;	1.000000000000000;	1.000000000000000;	1.000000000000000;	1.000000000000000;	1.000000000000000;	1.000000000000000;	1.000000000000000;	1.000000000000000
1.000000000000000;	1.000000000000000;	1.000000000000000;	1.000000000000000;	1.000000000000000;	1.000000000000000;	1.000000000000000;	1.000000000000000;	1.000000000000000;	1.000000000000000;	1.000000000000000;	1.000000000000000;	1.000000000000000;	1.000000000000000;	1.000000000000000;	1.000000000000000;	1.000000000000000;	1.000000000000000;	1.000000000000000;	1.000000000000000;	1.000000000000000;	1.000000000000000;	1.000000000000000;	1.000000000000000;	1.000000000000000;	1.000000000000000;	1.000000000000000;	1.000000000000000;	1.000000000000000;	1.000000000000000;	1.000000000000000;	1.000000000000000;	1.000000000000000;	1.000000000000000;	1.000000000000000;	1.000000000000000;	1.000000000000000;	1.000000000000000;	1.000000000000000;	1.000000000000000;	1.000000000000000;	1.000000000000000;	1.000000000000000;	1.000000000000000;	1.000000000000000;	1.000000000000000;	1.000000000000000;	1.000000000000000;	1.000000000000000;	1.000000000000000;	1.000000000000000;	1.000000000000000;	1.000000000000000;	1.000000000000000;	1.000000000000000;	1.000000000000000;	1.000000000000000;	1.000000000000000;	1.000000000000000;	1.000000000000000;	1.000000000000000;	1.000000000000000;	1.000000000000000;	1.000000000000000;	1.000000000000000;	1.000000000000000;	1.000000000000000;	1.000000000000000;	1.000000000000000;	1.000000000000000;	1.000000000000000;	1.000000000000000;	1.000000000000000;	1.000000000000000;	1.000000000000000;	1.000000000000000;	1.000000000000000;	1.000000000000000;	1.000000000000000;	1.000000000000000;	1.000000000000000;	1.000000000000000;	1.000000000000000;	1.000000000000000;	1.000000000000000;	1.000000000000000;	1.000000000000000;	1.000000000000000;	1.000000000000000;	1.000000000000000;	1.000000000000000;	1.000000000000000;	1.000000000000000;	1.000000000000000;	1.000000000000000;	1.000000000000000;	1.000000000000000;	1.000000000000000;	1.000000000000000;	1.000000000000000
1.000000000000000;	1.000000000000000;	1.000000000000000;	1.000000000000000;	1.000000000000000;	1.000000000000000;	1.000000000000000;	1.000000000000000;	1.000000000000000;	1.000000000000000;	1.000000000000000;	1.000000000000000;	1.000000000000000;	1.000000000000000;	1.000000000000000;	1.000000000000000;	1.000000000000000;	1.000000000000000;	1.000000000000000;	1.000000000000000;	1.000000000000000;	1.000000000000000;	1.000000000000000;	1.000000000000000;	1.000000000000000;	1.000000000000000;	1.000000000000000;	1.000000000000000;	1.000000000000000;	1.000000000000000;	1.000000000000000;	1.000000000000000;	1.000000000000000;	1.000000000000000;	1.000000000000000;	1.000000000000000;	1.000000000000000;	1.000000000000000;	1.000000000000000;	1.000000000000000;	1.000000000000000;	1.000000000000000;	1.000000000000000;	1.000000000000000;	1.000000000000000;	1.000000000000000;	1.000000000000000;	1.000000000000000;	1.000000000000000;	1.000000000000000;	1.000000000000000;	1.000000000000000;	1.000000000000000;	1.000000000000000;	1.000000000000000;	1.000000000000000;	1.000000000000000;	1.000000000000000;	1.000000000000000;	1.000000000000000;	1.000000000000000;	1.000000000000000;	1.000000000000000;	1.000000000000000;	1.000000000000000;	1.000000000000000;	1.000000000000000;	1.000000000000000;	1.000000000000000;	1.000000000000000;	1.000000000000000;	1.000000000000000;	1.000000000000000;	1.000000000000000;	1.000000000000000;	1.000000000000000;	1.000000000000000;	1.000000000000000;	1.000000000000000;	1.000000000000000;	1.000000000000000;	1.000000000000000;	1.000000000000000;	1.000000000000000;	1.000000000000000;	1.000000000000000;	1.000000000000000;	1.000000000000000;	1.000000000000000;	1.000000000000000;	1.000000000000000;	1.000000000000000;	1.000000000000000;	1.000000000000000;	1.000000000000000;	1.000000000000000;	1.000000000000000;	1.000000000000000;	1.000000000000000;	1.000000000000000
1.000000000000000;	1.000000000000000;	1.000000000000000;	1.000000000000000;	1.000000000000000;	1.000000000000000;	1.000000000000000;	1.000000000000000;	1.000000000000000;	1.000000000000000;	1.000000000000000;	1.000000000000000;	1.000000000000000;	1.000000000000000;	1.000000000000000;	1.000000000000000;	1.000000000000000;	1.000000000000000;	1.000000000000000;	1.000000000000000;	1.000000000000000;	1.000000000000000;	1.000000000000000;	1.000000000000000;	1.000000000000000;	1.000000000000000;	1.000000000000000;	1.000000000000000;	1.000000000000000;	1.000000000000000;	1.000000000000000;	1.000000000000000;	1.000000000000000;	1.000000000000000;	1.000000000000000;	1.000000000000000;	1.000000000000000;	1.000000000000000;	1.000000000000000;	1.000000000000000;	1.000000000000000;	1.000000000000000;	1.000000000000000;	1.000000000000000;	1.000000000000000;	1.000000000000000;	1.000000000000000;	1.000000000000000;	1.000000000000000;	1.000000000000000;	1.000000000000000;	1.000000000000000;	1.000000000000000;	1.000000000000000;	1.000000000000000;	1.000000000000000;	1.000000000000000;	1.000000000000000;	1.000000000000000;	1.000000000000000;	1.000000000000000;	1.000000000000000;	1.000000000000000;	1.000000000000000;	1.000000000000000;	1.000000000000000;	1.000000000000000;	1.000000000000000;	1.000000000000000;	1.000000000000000;	1.000000000000000;	1.000000000000000;	1.000000000000000;	1.000000000000000;	1.000000000000000;	1.000000000000000;	1.000000000000000;	1.000000000000000;	1.000000000000000;	1.000000000000000;	1.000000000000000;	1.000000000000000;	1.000000000000000;	1.000000000000000;	1.000000000000000;	1.000000000000000;	1.000000000000000;	1.000000000000000;	1.000000000000000;	1.000000000000000;	1.000000000000000;	1.000000000000000;	1.000000000000000;	1.000000000000000;	1.000000000000000;	1.000000000000000;	1.000000000000000;	1.000000000000000;	1.000000000000000;	1.000000000000000
1.000000000000000;	1.000000000000000;	1.000000000000000;	1.000000000000000;	1.000000000000000;	1.000000000000000;	1.000000000000000;	1.000000000000000;	1.000000000000000;	1.000000000000000;	1.000000000000000;	1.000000000000000;	1.000000000000000;	1.000000000000000;	1.000000000000000;	1.000000000000000;	1.000000000000000;	1.000000000000000;	1.000000000000000;	1.000000000000000;	1.000000000000000;	1.000000000000000;	1.000000000000000;	1.000000000000000;	1.000000000000000;	1.000000000000000;	1.000000000000000;	1.000000000000000;	1.000000000000000;	1.000000000000000;	1.000000000000000;	1.000000000000000;	1.000000000000000;	1.000000000000000;	1.000000000000000;	1.000000000000000;	1.000000000000000;	1.000000000000000;	1.000000000000000;	1.000000000000000;	1.000000000000000;	1.000000000000000;	1.000000000000000;	1.000000000000000;	1.000000000000000;	1.000000000000000;	1.000000000000000;	1.000000000000000;	1.000000000000000;	1.000000000000000;	1.000000000000000;	1.000000000000000;	1.000000000000000;	1.000000000000000;	1.000000000000000;	1.000000000000000;	1.000000000000000;	1.000000000000000;	1.000000000000000;	1.000000000000000;	1.000000000000000;	1.000000000000000;	1.000000000000000;	1.000000000000000;	1.000000000000000;	1.000000000000000;	1.000000000000000;	1.000000000000000;	1.000000000000000;	1.000000000000000;	1.000000000000000;	1.000000000000000;	1.000000000000000;	1.000000000000000;	1.000000000000000;	1.000000000000000;	1.000000000000000;	1.000000000000000;	1.000000000000000;	1.000000000000000;	1.000000000000000;	1.000000000000000;	1.000000000000000;	1.000000000000000;	1.000000000000000;	1.000000000000000;	1.000000000000000;	1.000000000000000;	1.000000000000000;	1.000000000000000;	1.000000000000000;	1.000000000000000;	1.000000000000000;	1.000000000000000;	1.000000000000000;	1.000000000000000;	1.000000000000000;	1.000000000000000;	1.000000000000000;	1.000000000000000
