0.470656909344694;	0.000002563172185;	0.000003156051432;	0.086466168566074;	0.070677861784147;	0.100726031437602;	0.123692213410698;	0.083720375658375;	0.044989122233157;	0.047446766916601;	0.048827904044084;	0.051669421200035;	0.053075136593294;	0.054777054084224;	0.056644088404743;	0.061748344524008;	0.065199183357509;	0.067835453727881;	0.073155908996830;	0.080084304909012;	0.087330478863341;	0.094031959471264;	0.095359045939298;	0.102068924852375;	0.109341972884989;	0.115503650860655;	0.119877705175080;	0.125780421485465;	0.121256511495703;	0.126554281925232;	0.133528688554155;	0.136462268661731;	0.139575659646791;	0.145470157459221;	0.151004131736407;	0.156627676151011;	0.162097193945282;	0.166342737905967;	0.170127939563197;	0.171134095601281;	0.175682966159094;	0.181167238729643;	0.188529911117839;	0.194450585390800;	0.198053765847789;	0.211103656608455;	0.227182141611937;	0.244067563424730;	0.259269878229404;	0.273108571687416;	0.297313090923888;	0.325603935547682;	0.355106795724369;	0.391487728654686;	0.432941967789902;	0.488666330073326;	0.554839465173112;	0.613335118268212;	0.659655139075877;	0.734629933979612
0.609222946150046;	0.101565708593945;	0.084468266343166;	0.098323900050137;	0.080909533611169;	0.110185028418089;	0.133434293405596;	0.091718950472917;	0.052584520251882;	0.055353828280585;	0.056858122666869;	0.060047707021251;	0.061537473416320;	0.063365222054067;	0.065373562293022;	0.071136022328401;	0.074875217369141;	0.077713133395287;	0.083636176475004;	0.091297857332906;	0.099131541834633;	0.106458978379174;	0.107853028470047;	0.115260121086547;	0.123267778815309;	0.130004617387740;	0.134649486957458;	0.141126155448469;	0.136117504763941;	0.141928224326776;	0.149522231885565;	0.152812177504525;	0.156282837330224;	0.162704415353690;	0.168727201375098;	0.174834546377965;	0.180771652821722;	0.185408489350040;	0.189565462316925;	0.190517099452457;	0.195437916710743;	0.201271601225175;	0.209197701049957;	0.215620003893720;	0.219326342732766;	0.233191716578620;	0.250213221351013;	0.268045830323848;	0.284057932263526;	0.298366193022218;	0.323568240737711;	0.352857721419492;	0.383249725712964;	0.420488250452551;	0.462641652258490;	0.518840862662037;	0.585046966922669;	0.643227340317183;	0.688996369530321;	0.763619101683657
0.638057781678729;	0.128263246833797;	0.106121680852798;	0.119034308566057;	0.098227866715922;	0.125535912512857;	0.148765049141125;	0.104284059612334;	0.064260679117989;	0.067225443821827;	0.068662467591695;	0.072124448115507;	0.073509028800949;	0.075301453648810;	0.077300820470753;	0.083768730600078;	0.087678334436347;	0.090581202396117;	0.097093935554654;	0.105479724182278;	0.113806829939321;	0.121687403693994;	0.122973763573412;	0.131018657954141;	0.139693658563091;	0.146911354658003;	0.151698813584469;	0.158675819864981;	0.152985445150259;	0.159215812472574;	0.167329376051994;	0.170866675631045;	0.174574342412273;	0.181392102958599;	0.187760398157794;	0.194197337845430;	0.200438887226048;	0.205298214369083;	0.209654408284080;	0.210345895882486;	0.215438576818929;	0.221404940053973;	0.229673973276219;	0.236357913625153;	0.239909273950965;	0.254271731642175;	0.271887360963569;	0.290303371981995;	0.306760422392501;	0.321183028446467;	0.346945467428415;	0.376767584073342;	0.407577671734565;	0.445175920645683;	0.487530129439420;	0.543705317894449;	0.609517653291915;	0.667086824452300;	0.712075625559690;	0.780821415699934
0.674746958050335;	0.168047074624460;	0.138042809221796;	0.143951410577825;	0.119201177145336;	0.143886645852670;	0.167023096492316;	0.119623064215650;	0.078513058978356;	0.081650269033946;	0.082938622477499;	0.086665355978282;	0.087859639472593;	0.089554612555968;	0.091492712292465;	0.098768591923729;	0.102820357721615;	0.105757118938072;	0.112936854036852;	0.122128623381906;	0.130955997975681;	0.139437934093557;	0.140588311008250;	0.149350356484553;	0.158771229970863;	0.166504675936867;	0.171398365782315;	0.178918303566625;	0.172443754330421;	0.179127324545238;	0.187799919927598;	0.191620129108855;	0.195596102040697;	0.202846128952160;	0.209591326344952;	0.216387690972109;	0.222963290807398;	0.228072391642079;	0.232658330542729;	0.233037503071505;	0.238312731469915;	0.244406584302995;	0.253048713661983;	0.260026025773306;	0.263381989175892;	0.278263808094080;	0.296501534621110;	0.315529188239526;	0.332442095735932;	0.346929990046650;	0.373234938523099;	0.403548561130176;	0.434709909139136;	0.472558696044636;	0.514952249516709;	0.570856038686410;	0.635941362996240;	0.692514387233370;	0.736350489595116;	0.801024431193574
0.711217356882380;	0.218968316221299;	0.178953550386281;	0.175902436451868;	0.145860599531707;	0.166950566246380;	0.189746717644717;	0.139080822387627;	0.096342973670595;	0.099685922583115;	0.100646170502584;	0.104570192943217;	0.105405175994868;	0.106866908524441;	0.108621690588180;	0.116784211700134;	0.120885656461689;	0.123763889643588;	0.131651505792972;	0.141690624529098;	0.150964556008448;	0.160047983023347;	0.160984472621363;	0.170506248443779;	0.180716635174524;	0.188971954137371;	0.193890523527273;	0.201963425428571;	0.194571390268074;	0.201706575019780;	0.210936976276048;	0.215040856720178;	0.219277845354960;	0.226947927371303;	0.234050088357988;	0.241179710659213;	0.248059373798323;	0.253385090355804;	0.258167687605236;	0.258122851369001;	0.263520346373156;	0.269657047720125;	0.278608291767918;	0.285821753985887;	0.288862604266239;	0.304168974052056;	0.322917586037726;	0.342427890875408;	0.359654880191963;	0.374023438238818;	0.400681275985919;	0.431292081207205;	0.462635158305139;	0.500560395922747;	0.542841889104473;	0.598329523398188;	0.662560798783371;	0.718016787503339;	0.760664237922346;	0.821618667258706
0.745243538657411;	0.283744736099008;	0.231033728922031;	0.216284526835522;	0.179498223074583;	0.195437262501829;	0.217719338312416;	0.163542242662205;	0.118481681822761;	0.121806394599566;	0.122384000738009;	0.126372559056116;	0.126678854055695;	0.127710644416583;	0.129113401975131;	0.138228303166031;	0.142242887375902;	0.144932570059783;	0.153547888893571;	0.164450317540962;	0.174074616481721;	0.183730214097873;	0.184347333686521;	0.194647964870149;	0.205664893401311;	0.214418196479881;	0.219245023345422;	0.227853425011842;	0.219390664438237;	0.226950964223594;	0.236708197981688;	0.241073949716973;	0.245541345859221;	0.253588265857945;	0.260997479579567;	0.268404643516499;	0.275527938448080;	0.281008356050145;	0.285923978375028;	0.285323410925254;	0.290768409311965;	0.296849463268444;	0.306032305614856;	0.313424157426379;	0.316050664561434;	0.331733095647130;	0.350941628940328;	0.370888436377891;	0.388416831865029;	0.402642434225716;	0.429632120395614;	0.460503640269319;	0.491982260988432;	0.529910335327574;	0.571985164173845;	0.626909068602272;	0.690092684418550;	0.744216804435295;	0.785495425817693;	0.842430973911354
0.775685081867860;	0.365801254411644;	0.297136978989966;	0.266890663515404;	0.221641039657039;	0.230539521221785;	0.251710239446304;	0.194151649976020;	0.145901013168008;	0.148827728864798;	0.148606446051064;	0.152379220861508;	0.152093898111721;	0.152686111627270;	0.153512362440898;	0.163568927078966;	0.167302592029620;	0.169625119569530;	0.178969988190934;	0.190718545796827;	0.200548123070302;	0.210711521078105;	0.210871784139738;	0.221944676726187;	0.233756840367545;	0.242953183862678;	0.247543866026944;	0.256645238561519;	0.246942614814202;	0.254887563995661;	0.265124014412497;	0.269719571134544;	0.274381294493281;	0.282755715707663;	0.290424148710092;	0.298062673381445;	0.305388213372960;	0.310993311528270;	0.316024430716757;	0.314797677354179;	0.320292837920590;	0.326294689773585;	0.335707983923479;	0.343286707812004;	0.345441155641249;	0.361473445114482;	0.381099021622920;	0.401427454432586;	0.419206886316595;	0.433220346994093;	0.460445556305038;	0.491460769897851;	0.522953299423329;	0.560732843234995;	0.602432754903737;	0.656578991748633;	0.718467146037729;	0.770995517618543;	0.810694854387360;	0.863217655693517
0.801082005027583;	0.454081283820394;	0.380759844344400;	0.329929593601966;	0.274147468051854;	0.273432311653224;	0.292959207456062;	0.231860904671996;	0.179092316024818;	0.181859502105329;	0.180259615770273;	0.183457987613180;	0.181959106419561;	0.181952474658216;	0.181842997800101;	0.193489551327040;	0.196695816284495;	0.198430380950658;	0.208331068919716;	0.220876390309431;	0.230721520401415;	0.241316005563846;	0.240852718007750;	0.252676244687987;	0.265257539178828;	0.274826725926077;	0.279026341573502;	0.288583891606684;	0.277464889696937;	0.285770214241717;	0.296455542901981;	0.301272070574871;	0.306123063290294;	0.314807052887506;	0.322719906878072;	0.330575118745110;	0.338088433885042;	0.343808328137933;	0.348941132799331;	0.346993222458704;	0.352516312324871;	0.358377800511507;	0.367979267144346;	0.375707110329992;	0.377273802230042;	0.393587302752667;	0.413543145466005;	0.434155896827606;	0.452101500301567;	0.465858032653099;	0.493198383542261;	0.524217893828314;	0.555581936414337;	0.593040309422313;	0.634176429498969;	0.687305899440924;	0.747621328364988;	0.798249908186401;	0.836124726117130;	0.883699869133011
0.820785167227915;	0.545219188499850;	0.467937346451207;	0.408218085325243;	0.339185231380218;	0.325673188279903;	0.342684029312780;	0.278398398323149;	0.219333360311859;	0.221269408944991;	0.217495599154611;	0.220289203184232;	0.217432158439732;	0.216106755934916;	0.214671581322903;	0.227590751377170;	0.229818351969063;	0.230545366013611;	0.242380569217900;	0.255646595784119;	0.265262769262616;	0.276061183466659;	0.274785259533484;	0.287336905504442;	0.300658701931705;	0.310521318719301;	0.314156972731390;	0.324132320069914;	0.311423880923253;	0.320065057509703;	0.331165686218013;	0.336188763163947;	0.341207384371895;	0.350158108221335;	0.358270814283775;	0.366294012971020;	0.373943672460806;	0.379731407728273;	0.384918223780638;	0.382116019031251;	0.387621631957249;	0.393257498915674;	0.402981982673084;	0.410801125306556;	0.411636083120359;	0.428141708418069;	0.448314554238295;	0.469085857202682;	0.487088411245215;	0.500627120467191;	0.527932821942047;	0.558784350169132;	0.589843427186245;	0.626770524868463;	0.667116325696210;	0.718947722374867;	0.777368449631908;	0.825735474884002;	0.861493920233392;	0.903543801758111
0.834735781466690;	0.645923476424840;	0.556362419869543;	0.487699568306065;	0.419885488761297;	0.388993743295111;	0.402505269523165;	0.335753380908701;	0.268226358640903;	0.268455772718605;	0.261461819323673;	0.263309055803115;	0.257993389068244;	0.256207243015716;	0.252911275274647;	0.267214576218289;	0.268050045169091;	0.267427355042034;	0.279899069714850;	0.293611440069470;	0.302611763100556;	0.315569575821365;	0.313198345937642;	0.326377684625986;	0.340317631061960;	0.350280632778165;	0.353055887092009;	0.363310899852303;	0.349186665273688;	0.358092113524288;	0.369521117602639;	0.374688088180548;	0.379809210378965;	0.388938401303290;	0.397165955674098;	0.405271378737773;	0.412971526609339;	0.418751312443655;	0.423915342243980;	0.420097193045048;	0.425526433940823;	0.430836627340654;	0.440595768569511;	0.448423591819043;	0.448347133638551;	0.464930748623378;	0.485172134526260;	0.505939352055912;	0.523859515635817;	0.537410619407665;	0.564497695727858;	0.594973162264853;	0.625515513320848;	0.661664485408178;	0.700959284075381;	0.751173774975141;	0.807339251490352;	0.853027363389269;	0.886336097065701;	0.922387083604009
0.844132833729127;	0.762547982520635;	0.655428350133209;	0.568195936085616;	0.498057241607366;	0.466106828221342;	0.474329930625369;	0.406400943392083;	0.327552636963324;	0.324967085516350;	0.313468182402986;	0.313463369308311;	0.305175477863698;	0.302044679912576;	0.296233535312165;	0.311356832567475;	0.311319453630247;	0.308800598427908;	0.323091414634895;	0.337098554958533;	0.345107451474782;	0.358299611360352;	0.354416702661486;	0.368060833568731;	0.382411948443023;	0.392234908829141;	0.393882411016637;	0.404357870657029;	0.390381218883868;	0.399429436051220;	0.411045598412292;	0.416238882847596;	0.421360335969021;	0.430547374186530;	0.438783292976772;	0.446869188645500;	0.454520558694491;	0.460210730424652;	0.465267409391446;	0.460273598913901;	0.465583789060284;	0.470491426232621;	0.480198736220710;	0.487949418320853;	0.486764886374677;	0.503308860142556;	0.523450878245376;	0.544030576309485;	0.561713169920319;	0.575857763401301;	0.602510470682789;	0.632366616809842;	0.662142937386554;	0.697227956200196;	0.735174997183022;	0.783413408408062;	0.836922891981940;	0.879454256090683;	0.909934154021595;	0.939731630191115
0.851473768627081;	0.792493402465294;	0.772521216608097;	0.659025058972315;	0.578278048356166;	0.536656877960724;	0.561030072693878;	0.493869623585329;	0.399932877814023;	0.393136921858371;	0.375437025301521;	0.372544150115266;	0.359619286737092;	0.354824592456277;	0.345642699830186;	0.361664987944870;	0.360363427312028;	0.355346049539800;	0.370013016979859;	0.385283072137458;	0.391758950588025;	0.406456827081008;	0.400616013818564;	0.414545268347031;	0.429098592353016;	0.438590365919263;	0.438746086588575;	0.449300228100186;	0.433674355915188;	0.442832749920763;	0.454564916897047;	0.459725805437461;	0.464807825420722;	0.473993117359240;	0.482193392258403;	0.490216759937401;	0.497773467189041;	0.503345788569421;	0.508256031360164;	0.501979114012432;	0.507178594489639;	0.511693589504781;	0.521292393638111;	0.528903064541331;	0.526420028020562;	0.542820927704826;	0.562697841074116;	0.582907034041239;	0.600200594086383;	0.615178115318964;	0.641158196582219;	0.670126174143081;	0.698858200564856;	0.732565739149816;	0.768846293329349;	0.814725044969871;	0.865157759274516;	0.904016892047261;	0.931266939817964;	0.954842830984149
0.858598119850589;	0.803160167466816;	0.801396144550136;	0.765873985056188;	0.671916649844782;	0.610744471865823;	0.638666150600857;	0.566219222236448;	0.488234338504617;	0.475437940644537;	0.449416378340982;	0.442250512473659;	0.423602777002087;	0.415702018427677;	0.402139209714226;	0.418444870056070;	0.415050165712193;	0.406742982277535;	0.422253975386204;	0.438659060971750;	0.442955253527720;	0.457876009775563;	0.449506376456624;	0.463483109226256;	0.477988993623685;	0.488384428100144;	0.486699084345887;	0.497224962746520;	0.480517352134494;	0.489668210060591;	0.501363391978843;	0.506371459447396;	0.511309008770552;	0.520354859699554;	0.528400430269554;	0.536247929431456;	0.543598210401816;	0.548962105797233;	0.553630225339144;	0.545918236029662;	0.550965184906257;	0.555075987139407;	0.564453883357772;	0.571815634804886;	0.567788380247479;	0.583893957620538;	0.603294842098042;	0.622905242478468;	0.639621967770441;	0.654822203933430;	0.679886958945718;	0.707692316496092;	0.735097044036830;	0.767110468486740;	0.801407331705105;	0.844547530686674;	0.891497933659552;	0.926203235954023;	0.949866774118257;	0.966906464587574
0.865932883312203;	0.814482235549886;	0.812135996138736;	0.793500167162855;	0.783712294976823;	0.698101517471337;	0.723281570561770;	0.646141486974894;	0.561995144953240;	0.574118998648931;	0.536509197623969;	0.524812890297866;	0.498152318147710;	0.486478314315944;	0.467200189515831;	0.483406031407466;	0.477034194683585;	0.464484625878094;	0.479954648920568;	0.496968693172496;	0.498418672013428;	0.513684463135037;	0.502119899528349;	0.515851014281903;	0.530010627791681;	0.541096639407567;	0.537159865143255;	0.547465244753690;	0.528875944915509;	0.537910326532045;	0.549404313844324;	0.554144905116967;	0.558848738840881;	0.567600291772612;	0.575362522589332;	0.582911573917643;	0.589938188036645;	0.594997656715723;	0.599319052816978;	0.590067438985916;	0.594958042981649;	0.600488874285035;	0.609534657583366;	0.616542874803755;	0.610712802237533;	0.626367057403307;	0.645072282705868;	0.663843597034586;	0.679794944764122;	0.694961999572387;	0.718828829894756;	0.745161146476227;	0.770933700103071;	0.800911415671203;	0.832881741294030;	0.872883763011822;	0.915926546097338;	0.946046710876176;	0.965833216350225;	0.976037915744239
0.873480365890684;	0.826023587808224;	0.823764293544728;	0.805580113925600;	0.811865884513423;	0.801051825969857;	0.822985530298453;	0.744431988460263;	0.644148012473808;	0.659828576315473;	0.607593567078387;	0.618940418766147;	0.581328510526694;	0.568188410590428;	0.541403547129142;	0.556608465907875;	0.547147338429667;	0.529132522815225;	0.544138611576577;	0.561063739813284;	0.559198575506624;	0.574211824781410;	0.558675363230351;	0.571822167211476;	0.585283564113403;	0.596483643647269;	0.590043258814652;	0.599935262938263;	0.579103196250087;	0.587875511545528;	0.598966934994509;	0.603301005226859;	0.607658243709343;	0.615935129932885;	0.623263334350102;	0.630372118209516;	0.636939624094370;	0.641585893284147;	0.645450170627186;	0.634660838717026;	0.639382703047587;	0.645866118765795;	0.654334757685339;	0.660794229258170;	0.652796321144357;	0.667733963204937;	0.685408140713992;	0.702926387351042;	0.717855360121885;	0.732561117145825;	0.754756426034589;	0.779117769303062;	0.802864007392872;	0.830303873691888;	0.859407228192697;	0.895686933269644;	0.934140798533460;	0.959408967308308;	0.975414207023432;	0.982685714014061
0.881208265908645;	0.837747020261197;	0.835572520355806;	0.818636176164049;	0.824347833397242;	0.827926901163175;	0.848377119511508;	0.863248861925876;	0.744501234298849;	0.756514148446329;	0.686447350544482;	0.700275521023603;	0.649260038861738;	0.657122140146967;	0.620242768822205;	0.633410695541320;	0.625444707830506;	0.600357716354734;	0.614046869720045;	0.630012676443571;	0.625639772289711;	0.639880947372935;	0.619436041960174;	0.631575300535995;	0.643904756120874;	0.654558381582062;	0.645815555948816;	0.655060390583940;	0.631445333517200;	0.639793398614030;	0.650263662212471;	0.654045542746824;	0.657936413611632;	0.665554659750820;	0.672295756529544;	0.678821201934782;	0.684795025831204;	0.688925369273476;	0.692230967571053;	0.680156116603192;	0.684688217610148;	0.691449684185062;	0.699151791862264;	0.704919548798344;	0.694428121736666;	0.708449755659259;	0.724840043076528;	0.740826391943652;	0.754563342897449;	0.768504192134637;	0.788768554263927;	0.810914609789810;	0.832454197865420;	0.857189555243743;	0.883331407770857;	0.915829984484623;	0.949734007330489;	0.970235985986416;	0.982625499804517;	0.987391208651093
0.889075241879630;	0.849581773832914;	0.847497861492677;	0.831764064283567;	0.837678453837467;	0.840931240872240;	0.861087751601817;	0.889016640097972;	0.865209361097289;	0.873070678345410;	0.781112579058186;	0.791815178544869;	0.724456066651788;	0.733758034455716;	0.684516333649654;	0.696411390022237;	0.706685123772165;	0.672534709192067;	0.684236296942965;	0.698410736378547;	0.696739961270388;	0.709504352042359;	0.683073652573395;	0.693732926327097;	0.704467214428907;	0.713946361174838;	0.704441687994294;	0.712764608377362;	0.685788463018392;	0.693514998222758;	0.703114479197456;	0.706192618132977;	0.709487765592758;	0.716255452457433;	0.722248572253515;	0.728041467673583;	0.733285314596587;	0.736801646643684;	0.739461416989273;	0.726846486793783;	0.731144598279264;	0.737677759978564;	0.744474751139023;	0.749449961266950;	0.736159185585410;	0.749105028368794;	0.764012207327749;	0.778282563946515;	0.790701974976095;	0.803636144237899;	0.821819045856322;	0.841603983959083;	0.860800470321466;	0.882694388058265;	0.905745464206249;	0.934291427420967;	0.963506028217390;	0.979258442757727;	0.988136982855170;	0.991119704647088
0.897036957702031;	0.861443150179794;	0.859460289275612;	0.844906714417507;	0.850882638956284;	0.854639974283726;	0.874277470017134;	0.899876124489938;	0.892154805325756;	0.898768976946916;	0.893612182425124;	0.900744955826642;	0.813318798500172;	0.819647797016430;	0.755396043003373;	0.765873844818353;	0.776063069249314;	0.731268444953778;	0.741682690325894;	0.754179946188749;	0.767092128296622;	0.777729127413231;	0.744349453958455;	0.753251754342163;	0.762168522460867;	0.770152368565270;	0.764572229109782;	0.771676034341011;	0.740734119233363;	0.747616153139319;	0.756084010624435;	0.758350552775969;	0.760947567299115;	0.766696717844597;	0.771798943773612;	0.776728211356424;	0.781131007755943;	0.783966283171354;	0.785942244077311;	0.774508120450407;	0.778496159387956;	0.784452390228428;	0.790229841572031;	0.794335349554659;	0.777928156025361;	0.789634743184621;	0.802870080768006;	0.815267080025520;	0.826233387878870;	0.837906139890549;	0.853829753940906;	0.871066673019740;	0.887741943924837;	0.906617939262627;	0.926418503423499;	0.950848471766460;	0.975307619063826;	0.986562403847477;	0.992235594894817;	0.994067741797893
0.905041745086854;	0.873249120475770;	0.871374089860914;	0.857969302304668;	0.863908671274119;	0.868076336926649;	0.887055115227401;	0.910896253126636;	0.904131957308314;	0.910809307289298;	0.917757624340601;	0.923743885761165;	0.917834205526653;	0.920692461044077;	0.838153927461689;	0.846452787690392;	0.853177558324584;	0.795532973419518;	0.804436394984860;	0.814798875448620;	0.825994536608939;	0.834449332885797;	0.793864151469496;	0.801460156397908;	0.809090043610372;	0.816014123582810;	0.821939550919826;	0.827627044771296;	0.792247597734889;	0.798109859194652;	0.805270774510167;	0.806815937759749;	0.808756806307804;	0.813450255014460;	0.817625246120446;	0.821659777299709;	0.825219195949188;	0.827416184585683;	0.828811391952548;	0.821917069067578;	0.825477109961609;	0.830610567060740;	0.835283135525790;	0.838479136493550;	0.818620232821547;	0.828903141693747;	0.840292203431036;	0.850700893672200;	0.860083653539810;	0.870254805538655;	0.883767834353837;	0.898316929758216;	0.912350634273169;	0.928118003277010;	0.944605433902031;	0.964884266279528;	0.984718381465949;	0.992104889213619;	0.995165955196677;	0.996374125424876
0.913034808668720;	0.884911120861271;	0.883150808460902;	0.870858425661471;	0.876661290735884;	0.881185641270530;	0.899364241278122;	0.921301348326125;	0.916038964342974;	0.922597886188634;	0.928782178708055;	0.934683921812612;	0.939100811088397;	0.941065727890925;	0.934695938674507;	0.940069262465501;	0.942549232978784;	0.869302272217793;	0.876028409682038;	0.883431867451084;	0.890426407369013;	0.896209753805438;	0.847163373408053;	0.853293772406172;	0.859469380314236;	0.865101645916176;	0.870136943293575;	0.874529521246253;	0.834556272115901;	0.839415925347435;	0.845338289676974;	0.846635679717148;	0.848251543079616;	0.852114309480434;	0.855542122831563;	0.858849335253590;	0.861764778484258;	0.863559438422888;	0.864702620478559;	0.866253169872249;	0.869225106874271;	0.873366800311076;	0.876940275612009;	0.879298908684541;	0.855682838639862;	0.864380007539218;	0.873845639930364;	0.882312293133414;	0.890065665310754;	0.898591694650255;	0.909681761665163;	0.921565284582451;	0.932992404249146;	0.945750476818349;	0.959053401948489;	0.975369720277524;	0.991017774797070;	0.995699733311805;	0.997119483222558;	0.998054065826907
0.920957556418165;	0.896338861638766;	0.894698948414496;	0.883477940182327;	0.889050818360117;	0.893865731797702;	0.911112814042388;	0.931073598921268;	0.927082774404174;	0.933417947231057;	0.939353001122369;	0.945004726518695;	0.948784551913030;	0.950776428822950;	0.953237840808403;	0.957410867662386;	0.959045361154562;	0.954328372179296;	0.958203509871242;	0.961770133056077;	0.963578116208190;	0.965906961435081;	0.906759030467570;	0.911042500452266;	0.915388978584264;	0.919336313437922;	0.922339405666079;	0.925268826318141;	0.879868047408867;	0.883601313931427;	0.888118296527042;	0.889224573723006;	0.890542111764311;	0.893494781656733;	0.896109439875081;	0.898626251870700;	0.900851729389853;	0.902245203800035;	0.903167270385751;	0.904377728281244;	0.906596600908276;	0.909672215138299;	0.912319753648304;	0.914099428908139;	0.886470154002493;	0.893507344880483;	0.901143502764273;	0.907947236541091;	0.914163330349891;	0.921041811699739;	0.929878311583202;	0.939312009828534;	0.948345083756479;	0.958391878009953;	0.968827271110476;	0.981576338987638;	0.993738508801301;	0.997267287049707;	0.998267063882077;	0.998995300507321
0.928748508328552;	0.907441081046358;	0.905925985363551;	0.895731792394270;	0.900991139740381;	0.906023395600950;	0.922221354856924;	0.940167985824233;	0.937268376606799;	0.943287187313933;	0.948857337827762;	0.954171653391641;	0.957738595445113;	0.959652646150918;	0.961569365989220;	0.965335850969052;	0.966923701877049;	0.969036818619396;	0.971928437076430;	0.974472766801969;	0.975532911022862;	0.977124651271870;	0.974119174665159;	0.976160111647298;	0.978288469313267;	0.980162738840179;	0.980670510228491;	0.981842087503188;	0.929904657948313;	0.932279127046541;	0.935106261578609;	0.936007266158970;	0.936988188296690;	0.938866185415189;	0.940526759319696;	0.942120638099782;	0.943548254240858;	0.944492857362493;	0.945185101032365;	0.945844955058085;	0.947218465386093;	0.949074409550653;	0.950700605564947;	0.951870763382806;	0.919516943718242;	0.924670044717729;	0.930244498486308;	0.935192624503305;	0.939702350808805;	0.944687756052879;	0.951021856880913;	0.957752014227774;	0.964169473237499;	0.971267869889332;	0.978603296402281;	0.987517497800139;	0.995969063406017;	0.998369016128032;	0.999010768338877;	0.999233622626946
0.936344476694717;	0.918127906899805;	0.916740697049529;	0.907526641871144;	0.912402251746726;	0.917572435411945;	0.932621259790920;	0.948555844531652;	0.946572946653931;	0.952201917447379;	0.957346338629064;	0.962254108010050;	0.965527968894817;	0.967318351645649;	0.969061027706480;	0.972372836505110;	0.973839095248125;	0.975503693924267;	0.978048431754207;	0.980241365277937;	0.981221670675399;	0.982600603123980;	0.983830631375879;	0.985180543682157;	0.986626504301480;	0.987890405639573;	0.988095810018502;	0.988807226640634;	0.986039324076209;	0.986793194311410;	0.987603032145797;	0.988310707776660;	0.988932248572720;	0.989549939732599;	0.990097721173648;	0.990618752672885;	0.991128523276151;	0.991578152361410;	0.992043548029688;	0.991946909591780;	0.992332117702234;	0.992748400263756;	0.993197363097446;	0.993689288828624;	0.955585845837151;	0.958551692039230;	0.961756919242231;	0.964593748100085;	0.967174418791102;	0.969971997353475;	0.973492565918514;	0.977207357018732;	0.980738987984925;	0.984603565544734;	0.988561885864620;	0.993328592388283;	0.997815873012678;	0.999116845907863;	0.999477141112008;	0.999478898585423
0.943682066862982;	0.928313319757245;	0.927055545288867;	0.918774047183524;	0.923211930608021;	0.928435842517494;	0.942256705023799;	0.956220432324563;	0.954991980536414;	0.960175671917327;	0.964850459919440;	0.969304140786707;	0.972250353580432;	0.973884203882680;	0.975417302282284;	0.978284509114251;	0.979602586985167;	0.981071817271198;	0.983245214021156;	0.985076761192834;	0.985939157589156;	0.987092747840721;	0.988017154794166;	0.989110646615639;	0.990279553582159;	0.991297496217744;	0.991504061310786;	0.992057560853397;	0.992122400845718;	0.992507383993391;	0.992933619304902;	0.993352227178051;	0.993703348943407;	0.994030115927205;	0.994315854250327;	0.994589746482260;	0.994865323590465;	0.995109381912083;	0.995373854526908;	0.995257335354306;	0.995461574733796;	0.995689802888167;	0.995944797215851;	0.996240662379388;	0.995824575564361;	0.996227483485744;	0.996680608180056;	0.997085648096740;	0.997457391409729;	0.997712880805476;	0.998022267943311;	0.998320139860884;	0.998613869044150;	0.998869327513423;	0.999082831161602;	0.999283907560090;	0.999455075673648;	0.999641754936370;	0.999769247256833;	0.999734733758823
0.950698919259753;	0.937917224021125;	0.936788910911587;	0.929392587702862;	0.933357015974902;	0.938547940607223;	0.951086202326392;	0.963156506449890;	0.962532965954021;	0.967233017953050;	0.971413152286211;	0.975384190787595;	0.977983736740738;	0.979441213016931;	0.980762080944007;	0.983202291526019;	0.984356792452166;	0.985610077734604;	0.987429884569814;	0.988929141638129;	0.989666092196946;	0.990609352722234;	0.991372062149827;	0.992228797955321;	0.993141700589889;	0.993932189512439;	0.994118256472178;	0.994533909303010;	0.994564928334778;	0.994853485301521;	0.995172445097692;	0.995486595207386;	0.995748653838159;	0.995990377937327;	0.996201237200750;	0.996403042869520;	0.996605842691328;	0.996785122401469;	0.996978868379939;	0.996920810335599;	0.997070757346034;	0.997237966438618;	0.997419917459534;	0.997630062679021;	0.997762364614116;	0.997968747877758;	0.998213547323974;	0.998432707162206;	0.998636226369791;	0.998772201898440;	0.998937851786841;	0.999099769332509;	0.999263083424485;	0.999404018570920;	0.999521386363423;	0.999631968031581;	0.999725306329512;	0.999825627394999;	0.999891427458262;	0.999998640658269
0.957335646976973;	0.946868253332620;	0.945867884499916;	0.939310576528896;	0.942784838830492;	0.947856335163410;	0.959083294903413;	0.969369078334146;	0.969214394812585;	0.973408410621579;	0.977084990351642;	0.980561996767221;	0.982810907639515;	0.984082276075615;	0.985196730561522;	0.987235519726614;	0.988221438538268;	0.989264293162857;	0.990754672679901;	0.991954887975783;	0.992565715430620;	0.993317502260215;	0.993923877896610;	0.994579896343402;	0.995275121555861;	0.995872684440512;	0.996030377778571;	0.996334810466302;	0.996379523228351;	0.996587129508489;	0.996816406073037;	0.997042758256996;	0.997230405488902;	0.997402039219383;	0.997551295396719;	0.997693902476257;	0.997837039933426;	0.997963294315947;	0.998099370001379;	0.998074776528941;	0.998180011610697;	0.998297071689119;	0.998421503321744;	0.998564440188009;	0.998655074958522;	0.998793156325312;	0.998954407746700;	0.999096416928886;	0.999226853678954;	0.999316131109810;	0.999418253921747;	0.999516228070088;	0.999613191812004;	0.999694612411876;	0.999760620549169;	0.999820872205241;	0.999869886077288;	0.999920667089329;	0.999952093149446;	0.999998680288536
0.963538079214099;	0.955106758942995;	0.954231145826230;	0.948468182446625;	0.951454310866607;	0.956323217679319;	0.966236953471983;	0.974872382876267;	0.975064244460726;	0.978744650541540;	0.981922630499096;	0.984909624387543;	0.986815843395399;	0.987899841207312;	0.988820587847377;	0.990489717162492;	0.991310117639253;	0.992156301927863;	0.993347938189894;	0.994285851912713;	0.994776554112456;	0.995359452411036;	0.995827309025764;	0.996316487999583;	0.996831181384925;	0.997269637518746;	0.997396032324035;	0.997612595316955;	0.997657394759636;	0.997802641909327;	0.997962720453652;	0.998120907555136;	0.998251214871027;	0.998369438214465;	0.998471913849063;	0.998569609571682;	0.998667472315490;	0.998753581887037;	0.998846014986831;	0.998839319822702;	0.998910639882273;	0.998989606650229;	0.999071682350958;	0.999165207672457;	0.999228106005285;	0.999316017463290;	0.999417037489004;	0.999504486610879;	0.999583771286494;	0.999638947682250;	0.999698549975414;	0.999754583271821;	0.999808852755824;	0.999853113931012;	0.999887967900957;	0.999918708262932;	0.999942724637513;	0.999966501858254;	0.999980020644016;	0.999998700792919
0.969259409014240;	0.962587416116971;	0.961831769977654;	0.956819710503270;	0.959336813321507;	0.963926563515489;	0.972551364214809;	0.979688713221197;	0.980118969647333;	0.983291648198780;	0.985988062217307;	0.988502574979508;	0.990083790797863;	0.990986222069801;	0.991730222846219;	0.993066524219162;	0.993730977987416;	0.994399998281188;	0.995328295130671;	0.996042270800892;	0.996423911171400;	0.996862689154418;	0.997212533170843;	0.997566847315337;	0.997936399319179;	0.998247945140517;	0.998344188690634;	0.998493398299787;	0.998532367525049;	0.998630753954780;	0.998738883851476;	0.998845729071081;	0.998933172440214;	0.999011883423590;	0.999079883348364;	0.999144541883970;	0.999209133296115;	0.999265811673962;	0.999326321479718;	0.999327880894373;	0.999374375214378;	0.999425504157706;	0.999477497030235;	0.999536111924012;	0.999577332397434;	0.999630791259617;	0.999691086107171;	0.999742308089484;	0.999788016542967;	0.999820145938681;	0.999853011170160;	0.999883202159992;	0.999911706273621;	0.999934215691630;	0.999951371841971;	0.999965928603179;	0.999976781445051;	0.999986900389438;	0.999991816481942;	0.999998720514928
0.974462423434433;	0.969281533846114;	0.968639544969306;	0.964335341191615;	0.966416691927376;	0.970660806154718;	0.978045252994972;	0.983847422499587;	0.984422918794416;	0.987105792954749;	0.989348188129942;	0.991419230013791;	0.992700892855150;	0.993433307716529;	0.994020290282540;	0.995064310491570;	0.995587343721016;	0.996101937310246;	0.996805081944121;	0.997333370371628;	0.997620333933271;	0.997940333967837;	0.998193428382451;	0.998442063195403;	0.998698758127273;	0.998912596429844;	0.998982375170616;	0.999081665842628;	0.999112439498179;	0.999176774669201;	0.999247232199575;	0.999316778740480;	0.999373316257001;	0.999423815642948;	0.999467291143992;	0.999508501001004;	0.999549519327376;	0.999585396321529;	0.999623429872673;	0.999627790880416;	0.999656828533851;	0.999688469858028;	0.999719954778917;	0.999754973779577;	0.999780453376254;	0.999811328045967;	0.999845413679793;	0.999873773645461;	0.999898603070194;	0.999916119635264;	0.999933112439337;	0.999948314122121;	0.999962241799472;	0.999972849062849;	0.999980638561678;	0.999986958892279;	0.999991401386140;	0.999995176733598;	0.999996331671246;	0.999998740165432
0.979121620229522;	0.975178824132444;	0.974642760391748;	0.971002217800433;	0.972691331670645;	0.976536727198723;	0.982750918097152;	0.987384436656522;	0.988027838457711;	0.990249510045503;	0.992074145182772;	0.993740085204725;	0.994753361999845;	0.995331825880721;	0.995783087069908;	0.996577329614364;	0.996976780884238;	0.997361110415380;	0.997877829654733;	0.998256858243216;	0.998465116177141;	0.998690695994817;	0.998867429541574;	0.999035998821671;	0.999208014371778;	0.999349391476493;	0.999397578267321;	0.999461188485648;	0.999483689340119;	0.999524165254805;	0.999568302638351;	0.999611779199668;	0.999646878070802;	0.999677989136717;	0.999704672910891;	0.999729870813779;	0.999754835022822;	0.999776583658739;	0.999799436752762;	0.999803889673860;	0.999821179669018;	0.999839801464928;	0.999857927550347;	0.999877758161428;	0.999892546317186;	0.999909373966213;	0.999927501140363;	0.999942235414479;	0.999954845598464;	0.999963717220849;	0.999971880854938;	0.999978963373796;	0.999985226278900;	0.999989802429166;	0.999993020415669;	0.999995493213093;	0.999997084519861;	0.999998192840957;	0.999997879016179;	0.999998759661029
0.983224983377803;	0.980288371640285;	0.979849220578467;	0.976825064384812;	0.978171229992534;	0.981580861606406;	0.986712938796190;	0.990342024007773;	0.990992266744602;	0.992790439563999;	0.994240233418282;	0.995546369896714;	0.996326093389450;	0.996769795534937;	0.997107092785431;	0.997694028511185;	0.997989416226349;	0.998267477825057;	0.998634933397534;	0.998897901915348;	0.999043454996870;	0.999196734117814;	0.999315521370464;	0.999425586474210;	0.999536426851067;	0.999626157238184;	0.999657814774072;	0.999696903529722;	0.999712263979566;	0.999736670500526;	0.999763149548391;	0.999789150877149;	0.999809989160662;	0.999828317687322;	0.999843973384149;	0.999858689622365;	0.999873183573165;	0.999885747793016;	0.999898806817496;	0.999902291189048;	0.999912049870701;	0.999922409410789;	0.999932265380569;	0.999942836538954;	0.999950847108570;	0.999959435340771;	0.999968429153547;	0.999975548348522;	0.999981478781571;	0.999985611562544;	0.999989214441135;	0.999992229916107;	0.999994786287952;	0.999996565405131;	0.999997752372996;	0.999998598881570;	0.999999050645610;	0.999999163392400;	0.999998352947941;	0.999998779001637
0.986775121604467;	0.984638407621866;	0.984286169623767;	0.981826095004619;	0.982879906928267;	0.985834337094658;	0.989986352477812;	0.992768458159278;	0.993380560676978;	0.994800022580186;	0.995922345658040;	0.996918147158257;	0.997500731303859;	0.997830493781636;	0.998074980873879;	0.998495157919989;	0.998706140345413;	0.998900469042521;	0.999152589255127;	0.999328451997560;	0.999426139275177;	0.999526199957489;	0.999602786482490;	0.999671737700818;	0.999740150745288;	0.999794606886281;	0.999814344423793;	0.999837285519422;	0.999847104747848;	0.999861147218890;	0.999876291180309;	0.999891099009855;	0.999902875055989;	0.999913151107143;	0.999921887973289;	0.999930054488886;	0.999938038004988;	0.999944914810644;	0.999951967764659;	0.999954301614864;	0.999959486313602;	0.999964894158629;	0.999969915722828;	0.999975176197074;	0.999979193873020;	0.999983259129753;	0.999987379574452;	0.999990543108277;	0.999993094839345;	0.999994843170813;	0.999996282857866;	0.999997437356666;	0.999998367415022;	0.999998976981187;	0.999999355998387;	0.999999591979428;	0.999999643342696;	0.999999435556114;	0.999998490170798;	0.999998798183730
0.989789027003484;	0.988274179298371;	0.987998214202701;	0.986043717472166;	0.986853502845774;	0.989351073471453;	0.992634604118253;	0.994717213767769;	0.995261391395148;	0.996351542914662;	0.997195805643984;	0.997932105162783;	0.998353554480094;	0.998590382405583;	0.998761703081411;	0.999052172261344;	0.999197272394224;	0.999328021142540;	0.999494331375738;	0.999607265445604;	0.999670002283253;	0.999732507857264;	0.999779680312190;	0.999820942002794;	0.999861205552209;	0.999892658013584;	0.999904294125091;	0.999917088425710;	0.999922963359548;	0.999930632025547;	0.999938844881853;	0.999946831849127;	0.999953131182935;	0.999958582752112;	0.999963192928105;	0.999967472236175;	0.999971616685248;	0.999975157645542;	0.999978730869810;	0.999980114724529;	0.999982685642694;	0.999985310768183;	0.999987684802907;	0.999990103281830;	0.999991949770213;	0.999993713298948;	0.999995433996071;	0.999996708721531;	0.999997697926838;	0.999998358478110;	0.999998869490559;	0.999999258296937;	0.999999552077357;	0.999999729223571;	0.999999826595181;	0.999999864048536;	0.999999795709382;	0.999999503910396;	0.999998538259624;	0.999998817204303
0.992296336237065;	0.991253779705856;	0.991043122345727;	0.989530053740630;	0.990139898598990;	0.992195709320561;	0.994727475749183;	0.996245643820221;	0.996705569817612;	0.997517805667272;	0.998133062260402;	0.998659396951658;	0.998953596850604;	0.999117399936665;	0.999233038009978;	0.999426207443284;	0.999521931751440;	0.999606286238830;	0.999711310245764;	0.999780638520478;	0.999819025742051;	0.999856212063885;	0.999883834111564;	0.999907297176342;	0.999929770188458;	0.999946961947265;	0.999953417084858;	0.999960156690350;	0.999963436915585;	0.999967387187575;	0.999971583842041;	0.999975637443390;	0.999978806002079;	0.999981523894278;	0.999983807652784;	0.999985909107959;	0.999987920514609;	0.999989621047116;	0.999991303562986;	0.999992037068596;	0.999993214368762;	0.999994386055527;	0.999995414895471;	0.999996428845832;	0.999997196078453;	0.999997886591257;	0.999998530739049;	0.999998988012221;	0.999999326591175;	0.999999544510128;	0.999999701313375;	0.999999812611575;	0.999999889461017;	0.999999928845786;	0.999999942674197;	0.999999926209510;	0.999999829350309;	0.999999523119021;	0.999998566750161;	0.999998836059533
0.994336495570926;	0.993643271208303;	0.993487012280176;	0.992348360000762;	0.992797444244318;	0.994441116158530;	0.996338746767853;	0.997413086568144;	0.997783587023737;	0.998368700209763;	0.998801497873436;	0.999163856663156;	0.999361244569117;	0.999469905135993;	0.999544769727576;	0.999667785694243;	0.999728090820450;	0.999780023140376;	0.999843193301016;	0.999883659674633;	0.999905919099921;	0.999926868630459;	0.999942153972494;	0.999954752576136;	0.999966570878722;	0.999975403617542;	0.999978752228428;	0.999982081317475;	0.999983781749927;	0.999985686780213;	0.999987691918189;	0.999989612648574;	0.999991099329982;	0.999992362130551;	0.999993414935877;	0.999994373069176;	0.999995276610758;	0.999996030144695;	0.999996757979216;	0.999997104946270;	0.999997596208680;	0.999998070194025;	0.999998472616838;	0.999998853869280;	0.999999137031737;	0.999999376261178;	0.999999587695487;	0.999999730118952;	0.999999829614450;	0.999999890341518;	0.999999930042553;	0.999999955154681;	0.999999969523271;	0.999999972412279;	0.999999966045518;	0.999999938145867;	0.999999837135254;	0.999999532791866;	0.999998591571971;	0.999998854745170
0.995955958263937;	0.995513224281465;	0.995400933298954;	0.994570374895488;	0.994892904215982;	0.996165532828773;	0.997543333438630;	0.998278681923211;	0.998563168149256;	0.998969035279036;	0.999261649182327;	0.999500811339276;	0.999627483343871;	0.999696275129221;	0.999742520541882;	0.999817130666484;	0.999853209767656;	0.999883540462922;	0.999919508648318;	0.999941821191583;	0.999953973830709;	0.999965072356172;	0.999973008339472;	0.999979347717449;	0.999985157384088;	0.999989387985335;	0.999990999522008;	0.999992528014090;	0.999993340466523;	0.999994192757889;	0.999995080284920;	0.999995921884434;	0.999996566184677;	0.999997107377495;	0.999997554131088;	0.999997955001938;	0.999998325953273;	0.999998629855933;	0.999998914859083;	0.999999059945135;	0.999999243548398;	0.999999414108755;	0.999999553342220;	0.999999679153568;	0.999999769811636;	0.999999841194614;	0.999999900172942;	0.999999937255502;	0.999999961267932;	0.999999974695722;	0.999999981947309;	0.999999984977494;	0.999999984792248;	0.999999980064068;	0.999999970029114;	0.999999940663037;	0.999999840532484;	0.999999540926746;	0.999998615739307;	0.999998873256641
0.997206067494615;	0.996936563992090;	0.996858681504069;	0.996273561207583;	0.996498806082196;	0.997449481959960;	0.998414503368693;	0.998899256277292;	0.999107080159081;	0.999376830531216;	0.999565984811438;	0.999716479671483;	0.999793774889520;	0.999835089555143;	0.999862172836854;	0.999904984850523;	0.999925343979839;	0.999942029466588;	0.999961270879774;	0.999972800807419;	0.999978997266746;	0.999984479234359;	0.999988310631023;	0.999991271989934;	0.999993915790375;	0.999995785781783;	0.999996498092141;	0.999997143376345;	0.999997497686176;	0.999997847478695;	0.999998207253575;	0.999998544240010;	0.999998799007867;	0.999999010178389;	0.999999182268592;	0.999999333867385;	0.999999470785982;	0.999999580365469;	0.999999679443909;	0.999999732172695;	0.999999792250799;	0.999999845486521;	0.999999886974512;	0.999999922386559;	0.999999946756213;	0.999999964384040;	0.999999977646949;	0.999999985102063;	0.999999989374200;	0.999999991226681;	0.999999991288272;	0.999999989902712;	0.999999987158125;	0.999999981319535;	0.999999970938800;	0.999999941840326;	0.999999843321652;	0.999999548842779;	0.999998639588553;	0.999998891589223
0.998140952063162;	0.997986275222566;	0.997934370133513;	0.997537953519470;	0.997690393779152;	0.998372461681680;	0.999021234284673;	0.999327445542865;	0.999471367981067;	0.999642116297768;	0.999758276948437;	0.999847954019038;	0.999892477084964;	0.999915839799987;	0.999930760308814;	0.999953811996779;	0.999964556819212;	0.999973126326418;	0.999982707552491;	0.999988236623011;	0.999991157728172;	0.999993655535206;	0.999995356579229;	0.999996626003402;	0.999997726366104;	0.999998479592396;	0.999998765097823;	0.999999012235151;	0.999999151467584;	0.999999281320825;	0.999999412971372;	0.999999534443723;	0.999999624928533;	0.999999698685576;	0.999999757756495;	0.999999808534561;	0.999999852964251;	0.999999887443047;	0.999999917221129;	0.999999933439528;	0.999999950125898;	0.999999964023604;	0.999999974290233;	0.999999982485056;	0.999999987720534;	0.999999991053101;	0.999999993111646;	0.999999993873219;	0.999999994081107;	0.999999993759967;	0.999999992637254;	0.999999990631167;	0.999999987606579;	0.999999981736049;	0.999999971479560;	0.999999942860261;	0.999999846041157;	0.999999556657318;	0.999998663123880;	0.999998909737991
0.998815214615151;	0.998732902406513;	0.998699826378475;	0.998442849230743;	0.998542433844244;	0.999009779704634;	0.999425923550018;	0.999610166178642;	0.999704142306251;	0.999806316017342;	0.999873547177613;	0.999923723895104;	0.999947715829179;	0.999960038730941;	0.999967696190143;	0.999979224308620;	0.999984471991495;	0.999988535508241;	0.999992924722672;	0.999995355000990;	0.999996611998498;	0.999997647847290;	0.999998332677853;	0.999998824745030;	0.999999237269525;	0.999999509366752;	0.999999611443436;	0.999999695854039;	0.999999744326939;	0.999999787140528;	0.999999829815824;	0.999999868465546;	0.999999896733465;	0.999999919254622;	0.999999936848488;	0.999999951467866;	0.999999963722812;	0.999999972853306;	0.999999980287845;	0.999999984328244;	0.999999988088131;	0.999999990931728;	0.999999992935333;	0.999999994436915;	0.999999995245384;	0.999999995575780;	0.999999995513231;	0.999999995137025;	0.999999994733461;	0.999999994127882;	0.999999992885849;	0.999999990848160;	0.999999987844585;	0.999999982064247;	0.999999971984202;	0.999999943864405;	0.999999848725934;	0.999999564365969;	0.999998686340571;	0.999998927697927
0.999281608189419;	0.999242170948266;	0.999222123776791;	0.999063654553101;	0.999126173302073;	0.999429837516792;	0.999682681239133;	0.999787538715445;	0.999844968956189;	0.999902230240121;	0.999938540068005;	0.999964622850777;	0.999976580359064;	0.999982571433942;	0.999986187367765;	0.999991472890780;	0.999993812704533;	0.999995566645183;	0.999997389067680;	0.999998352867116;	0.999998838592678;	0.999999222912441;	0.999999468466365;	0.999999637738990;	0.999999774344594;	0.999999860693684;	0.999999892538482;	0.999999917678716;	0.999999932282654;	0.999999944499598;	0.999999956428602;	0.999999966980849;	0.999999974512404;	0.999999980294179;	0.999999984631478;	0.999999988050674;	0.999999990736498;	0.999999992632618;	0.999999994053569;	0.999999994788573;	0.999999995419585;	0.999999995779290;	0.999999996060782;	0.999999996289859;	0.999999996326125;	0.999999996192449;	0.999999995845265;	0.999999995340064;	0.999999994879050;	0.999999994255951;	0.999999993022913;	0.999999991015495;	0.999999988063771;	0.999999982385852;	0.999999972482779;	0.999999944854456;	0.999999851372628;	0.999999571966634;	0.999998709233709;	0.999998945464017
0.999588897236017;	0.999572943552378;	0.999561444269833;	0.999469073523472;	0.999506623052690;	0.999692053015112;	0.999836322062328;	0.999892337604437;	0.999924862915491;	0.999954563757316;	0.999972631437522;	0.999985056869574;	0.999990488575744;	0.999993132408728;	0.999994678534159;	0.999996863238191;	0.999997799120045;	0.999998475666979;	0.999999148358684;	0.999999486237204;	0.999999651234279;	0.999999775996006;	0.999999852597386;	0.999999903019045;	0.999999941957863;	0.999999965364693;	0.999999973752406;	0.999999980073132;	0.999999983737865;	0.999999986615731;	0.999999989351397;	0.999999991697252;	0.999999993307199;	0.999999994436163;	0.999999995202598;	0.999999995733160;	0.999999996082968;	0.999999996310140;	0.999999996445216;	0.999999996487559;	0.999999996538193;	0.999999996479825;	0.999999996496949;	0.999999996550950;	0.999999996493168;	0.999999996312091;	0.999999995943358;	0.999999995434652;	0.999999994976193;	0.999999994362301;	0.999999993151124;	0.999999991179659;	0.999999988280273;	0.999999982702596;	0.999999972973467;	0.999999945829250;	0.999999853980506;	0.999999579457782;	0.999998731798499;	0.999998963031331
0.999780088283165;	0.999775693038505;	0.999769467774096;	0.999718879115548;	0.999740387215554;	0.999845561096531;	0.999922104154273;	0.999949990729302;	0.999966843538071;	0.999980885486300;	0.999989033562531;	0.999994362909759;	0.999996569028647;	0.999997606922639;	0.999998193113805;	0.999998989437096;	0.999999317588994;	0.999999545235993;	0.999999760462408;	0.999999862401333;	0.999999910311021;	0.999999944734785;	0.999999964887628;	0.999999977463711;	0.999999986675815;	0.999999991859455;	0.999999993598668;	0.999999994856248;	0.999999995548425;	0.999999996023453;	0.999999996453550;	0.999999996804097;	0.999999997017413;	0.999999997090867;	0.999999997083892;	0.999999997026206;	0.999999996934938;	0.999999996870391;	0.999999996801797;	0.999999996740168;	0.999999996714168;	0.999999996607700;	0.999999996596268;	0.999999996632257;	0.999999996566627;	0.999999996384301;	0.999999996020200;	0.999999995520367;	0.999999995070234;	0.999999994467226;	0.999999993277556;	0.999999991341055;	0.999999988492925;	0.999999983013812;	0.999999973455974;	0.999999946788673;	0.999999856549128;	0.999999586837955;	0.999998754030548;	0.999998980395098
0.999891195466871;	0.999891627504976;	0.999888433561204;	0.999862471992748;	0.999874244341634;	0.999928788731089;	0.999966179417105;	0.999979087847358;	0.999986945548856;	0.999992878302463;	0.999996137804093;	0.999998148485069;	0.999998929692698;	0.999999282633676;	0.999999474291308;	0.999999722914399;	0.999999820776171;	0.999999885521157;	0.999999943283062;	0.999999968844434;	0.999999980304986;	0.999999988083725;	0.999999992364614;	0.999999994854679;	0.999999996544925;	0.999999997375740;	0.999999997572428;	0.999999997717491;	0.999999997755242;	0.999999997729610;	0.999999997695212;	0.999999997660682;	0.999999997616125;	0.999999997506345;	0.999999997374541;	0.999999997230230;	0.999999997080674;	0.999999996981104;	0.999999996890794;	0.999999996818939;	0.999999996785810;	0.999999996676612;	0.999999996662919;	0.999999996697170;	0.999999996632462;	0.999999996453393;	0.999999996095806;	0.999999995604856;	0.999999995162581;	0.999999994570074;	0.999999993401452;	0.999999991499293;	0.999999988701598;	0.999999983319505;	0.999999973930308;	0.999999947732625;	0.999999859078090;	0.999999594105864;	0.999998775925903;	0.999998997550781
0.999950654117009;	0.999952536845050;	0.999950949132747;	0.999938350373980;	0.999944609683452;	0.999969905141259;	0.999986649267389;	0.999992298073693;	0.999995528591022;	0.999997713603906;	0.999998838976720;	0.999999486749359;	0.999999720280849;	0.999999820766477;	0.999999872924671;	0.999999937015659;	0.999999960944898;	0.999999975934548;	0.999999988455778;	0.999999993566847;	0.999999995721188;	0.999999997102265;	0.999999997780309;	0.999999998114267;	0.999999998289517;	0.999999998300512;	0.999999998218210;	0.999999998173172;	0.999999998100510;	0.999999997995821;	0.999999997891477;	0.999999997802451;	0.999999997723826;	0.999999997592733;	0.999999997448434;	0.999999997297000;	0.999999997143907;	0.999999997042653;	0.999999996952154;	0.999999996880937;	0.999999996848272;	0.999999996741120;	0.999999996727575;	0.999999996761014;	0.999999996697243;	0.999999996521146;	0.999999996169761;	0.999999995687442;	0.999999995252858;	0.999999994670690;	0.999999993522784;	0.999999991654414;	0.999999988906340;	0.999999983619690;	0.999999974396458;	0.999999948661029;	0.999999861567046;	0.999999601260383;	0.999998797481124;	0.999999014494125
0.999979419673690;	0.999981345909976;	0.999980536186169;	0.999974509519110;	0.999977902956505;	0.999988030461919;	0.999995045443479;	0.999997552745133;	0.999998700964566;	0.999999384321830;	0.999999709934243;	0.999999882709432;	0.999999939775966;	0.999999962953578;	0.999999974397254;	0.999999987614788;	0.999999992315575;	0.999999995096735;	0.999999997273260;	0.999999998072940;	0.999999998373518;	0.999999998565696;	0.999999998616856;	0.999999998600243;	0.999999998545585;	0.999999998442151;	0.999999998323827;	0.999999998255485;	0.999999998170264;	0.999999998057929;	0.999999997947266;	0.999999997853780;	0.999999997772896;	0.999999997641898;	0.999999997499051;	0.999999997349941;	0.999999997199670;	0.999999997100434;	0.999999997011725;	0.999999996941790;	0.999999996909654;	0.999999996804331;	0.999999996790760;	0.999999996823287;	0.999999996760385;	0.999999996587195;	0.999999996241913;	0.999999995768100;	0.999999995341106;	0.999999994769129;	0.999999993641599;	0.999999991806453;	0.999999989107179;	0.999999983914390;	0.999999974854429;	0.999999949573827;	0.999999864015716;	0.999999608300578;	0.999998818693354;	0.999999031221214
0.999991704624759;	0.999993280875302;	0.999992815452801;	0.999989668567994;	0.999991721761575;	0.999994978422248;	0.999998001593660;	0.999999320580162;	0.999999675604657;	0.999999857824789;	0.999999937151801;	0.999999975933872;	0.999999987716841;	0.999999992255788;	0.999999994425811;	0.999999996797662;	0.999999997672326;	0.999999998182295;	0.999999998580166;	0.999999998703493;	0.999999998731377;	0.999999998761141;	0.999999998733245;	0.999999998675950;	0.999999998596830;	0.999999998483047;	0.999999998362845;	0.999999998293242;	0.999999998208240;	0.999999998097149;	0.999999997987924;	0.999999997895991;	0.999999997816655;	0.999999997688194;	0.999999997548115;	0.999999997401845;	0.999999997254386;	0.999999997156961;	0.999999997069829;	0.999999997001055;	0.999999996969370;	0.999999996865807;	0.999999996852222;	0.999999996883892;	0.999999996821884;	0.999999996651587;	0.999999996312329;	0.999999995846888;	0.999999995427372;	0.999999994865431;	0.999999993757936;	0.999999991955447;	0.999999989304149;	0.999999984203636;	0.999999975304233;	0.999999950470987;	0.999999866423888;	0.999999615225722;	0.999998839560362;	0.999999047728520
0.999996205160737;	0.999997456879983;	0.999997133768920;	0.999995097568805;	0.999996598405242;	0.999997236394893;	0.999998872518514;	0.999999802793684;	0.999999912397249;	0.999999962276971;	0.999999982605118;	0.999999992487241;	0.999999995541639;	0.999999996746757;	0.999999997362963;	0.999999998043573;	0.999999998363518;	0.999999998566944;	0.999999998742832;	0.999999998789332;	0.999999998788064;	0.999999998801155;	0.999999998766172;	0.999999998705988;	0.999999998625968;	0.999999998513434;	0.999999998395314;	0.999999998326985;	0.999999998243661;	0.999999998134714;	0.999999998027526;	0.999999997937353;	0.999999997859509;	0.999999997733414;	0.999999997595917;	0.999999997452325;	0.999999997307546;	0.999999997211857;	0.999999997126258;	0.999999997058634;	0.999999997027411;	0.999999996925601;	0.999999996912041;	0.999999996942905;	0.999999996881806;	0.999999996714377;	0.999999996381056;	0.999999995923852;	0.999999995511699;	0.999999994959639;	0.999999993871835;	0.999999992101438;	0.999999989497287;	0.999999984487459;	0.999999975745895;	0.999999951352503;	0.999999868791423;	0.999999622035312;	0.999998860080586;	0.999999064012941
0.999997588269828;	0.999998644904511;	0.999998380475151;	0.999996727599318;	0.999998026645505;	0.999997862809610;	0.999999092305116;	0.999999906941133;	0.999999956720792;	0.999999979845775;	0.999999989511786;	0.999999994731463;	0.999999996534805;	0.999999997297854;	0.999999997720108;	0.999999998201990;	0.999999998458544;	0.999999998628285;	0.999999998780173;	0.999999998818741;	0.999999998814658;	0.999999998826019;	0.999999998791212;	0.999999998732036;	0.999999998653487;	0.999999998543038;	0.999999998427082;	0.999999998359970;	0.999999998278217;	0.999999998171289;	0.999999998066025;	0.999999997977504;	0.999999997901072;	0.999999997777265;	0.999999997642282;	0.999999997501311;	0.999999997359164;	0.999999997265187;	0.999999997181098;	0.999999997114615;	0.999999997083858;	0.999999996983782;	0.999999996970277;	0.999999997000382;	0.999999996940204;	0.999999996775616;	0.999999996448143;	0.999999995999040;	0.999999995594134;	0.999999995051796;	0.999999993983339;	0.999999992244466;	0.999999989686636;	0.999999984765900;	0.999999976179453;	0.999999952218397;	0.999999871118266;	0.999999628729074;	0.999998880253172;	0.999999080071837
0.999997959731785;	0.999998925201426;	0.999998685693290;	0.999997163404057;	0.999998387967145;	0.999998034440376;	0.999999151145857;	0.999999926317814;	0.999999963944939;	0.999999982510995;	0.999999990526372;	0.999999995069728;	0.999999996699669;	0.999999997402186;	0.999999997797122;	0.999999998250409;	0.999999998495827;	0.999999998659133;	0.999999998806028;	0.999999998843266;	0.999999998838955;	0.999999998849866;	0.999999998815603;	0.999999998757430;	0.999999998680222;	0.999999998571722;	0.999999998457849;	0.999999998391908;	0.999999998311667;	0.999999998206703;	0.999999998103325;	0.999999998016421;	0.999999997941377;	0.999999997819816;	0.999999997687295;	0.999999997548889;	0.999999997409319;	0.999999997317020;	0.999999997234418;	0.999999997169063;	0.999999997138775;	0.999999997040412;	0.999999997026989;	0.999999997056379;	0.999999996997130;	0.999999996835352;	0.999999996513637;	0.999999996072495;	0.999999995674719;	0.999999995141946;	0.999999994092491;	0.999999992384579;	0.999999989872240;	0.999999985039009;	0.999999976604956;	0.999999953068721;	0.999999873404440;	0.999999635306983;	0.999998900077999;	0.999999095903066
0.999998071289076;	0.999998995534341;	0.999998767169305;	0.999997300797215;	0.999998487797003;	0.999998102265188;	0.999999176915954;	0.999999930755685;	0.999999965638230;	0.999999983190594;	0.999999990831081;	0.999999995201872;	0.999999996780040;	0.999999997462290;	0.999999997846741;	0.999999998288442;	0.999999998527969;	0.999999998687439;	0.999999998830854;	0.999999998866996;	0.999999998862456;	0.999999998872889;	0.999999998839123;	0.999999998781915;	0.999999998706021;	0.999999998599442;	0.999999998487618;	0.999999998422836;	0.999999998344075;	0.999999998241031;	0.999999998139502;	0.999999998054181;	0.999999997980494;	0.999999997861132;	0.999999997731018;	0.999999997595123;	0.999999997458076;	0.999999997367424;	0.999999997286282;	0.999999997222043;	0.999999997192226;	0.999999997095554;	0.999999997082235;	0.999999997110951;	0.999999997052637;	0.999999996893636;	0.999999996577585;	0.999999996144267;	0.999999995753503;	0.999999995230133;	0.999999994199338;	0.999999992521821;	0.999999990054153;	0.999999985306845;	0.999999977022470;	0.999999953903556;	0.999999875650061;	0.999999641769269;	0.999998919555726;	0.999999111505020
0.999998126579454;	0.999999025746830;	0.999998803829952;	0.999997373955260;	0.999998532837724;	0.999998148301457;	0.999999196148108;	0.999999932745416;	0.999999966531575;	0.999999983601769;	0.999999991044729;	0.999999995309370;	0.999999996850723;	0.999999997517266;	0.999999997892959;	0.999999998324596;	0.999999998558666;	0.999999998714502;	0.999999998854602;	0.999999998889720;	0.999999998885007;	0.999999998895026;	0.999999998861777;	0.999999998805540;	0.999999998730955;	0.999999998626270;	0.999999998516456;	0.999999998452814;	0.999999998375496;	0.999999998274327;	0.999999998174615;	0.999999998090842;	0.999999998018482;	0.999999997901273;	0.999999997773514;	0.999999997640075;	0.999999997505498;	0.999999997416460;	0.999999997336753;	0.999999997273615;	0.999999997244269;	0.999999997149267;	0.999999997136071;	0.999999997164150;	0.999999997106774;	0.999999996950516;	0.999999996640036;	0.999999996214401;	0.999999995830531;	0.999999995316404;	0.999999994303929;	0.999999992656247;	0.999999990232431;	0.999999985569474;	0.999999977432079;	0.999999954723019;	0.999999877855337;	0.999999648116437;	0.999998938687821;	0.999999126876650
0.999998170109670;	0.999999048349581;	0.999998831596927;	0.999997433446199;	0.999998566724659;	0.999998189151858;	0.999999213657613;	0.999999934288441;	0.999999967283937;	0.999999983964493;	0.999999991239848;	0.999999995409810;	0.999999996917263;	0.999999997569178;	0.999999997936671;	0.999999998358885;	0.999999998587851;	0.999999998740293;	0.999999998877311;	0.999999998911517;	0.999999998906695;	0.999999998916360;	0.999999998883638;	0.999999998828366;	0.999999998755079;	0.999999998652257;	0.999999998544414;	0.999999998481895;	0.999999998405985;	0.999999998306649;	0.999999998208718;	0.999999998126458;	0.999999998055397;	0.999999997940296;	0.999999997814842;	0.999999997683806;	0.999999997551647;	0.999999997464193;	0.999999997385893;	0.999999997323841;	0.999999997294966;	0.999999997201611;	0.999999997188556;	0.999999997216030;	0.999999997159591;	0.999999997006041;	0.999999996701038;	0.999999996282947;	0.999999995905853;	0.999999995400809;	0.999999994406316;	0.999999992787913;	0.999999990407138;	0.999999985826976;	0.999999977833883;	0.999999955527265;	0.999999880020577;	0.999999654349277;	0.999998957476627;	0.999999142017510
0.999998210038290;	0.999999068948440;	0.999998856928967;	0.999997488406393;	0.999998597668035;	0.999998227330133;	0.999999230079991;	0.999999935706009;	0.999999967982950;	0.999999984303331;	0.999999991422837;	0.999999995504369;	0.999999996980094;	0.999999997618316;	0.999999997978124;	0.999999998391516;	0.999999998615698;	0.999999998764957;	0.999999998899093;	0.999999998932473;	0.999999998927590;	0.999999998936948;	0.999999998904762;	0.999999998850446;	0.999999998778441;	0.999999998677453;	0.999999998571543;	0.999999998510127;	0.999999998435594;	0.999999998338049;	0.999999998241866;	0.999999998161085;	0.999999998091296;	0.999999997978258;	0.999999997855058;	0.999999997726373;	0.999999997596582;	0.999999997510680;	0.999999997433761;	0.999999997372782;	0.999999997344378;	0.999999997252645;	0.999999997239745;	0.999999997266646;	0.999999997211141;	0.999999997060261;	0.999999996760639;	0.999999996349958;	0.999999995979520;	0.999999995483401;	0.999999994506554;	0.999999992916883;	0.999999990578349;	0.999999986079441;	0.999999978228000;	0.999999956316487;	0.999999882146197;	0.999999660468897;	0.999998975925420;	0.999999156927789
0.999998247341720;	0.999999088227291;	0.999998880627943;	0.999997539948276;	0.999998626643431;	0.999998263253387;	0.999999245568319;	0.999999937032965;	0.999999968638313;	0.999999984621780;	0.999999991595297;	0.999999995593822;	0.999999997039706;	0.999999997665039;	0.999999998017602;	0.999999998422681;	0.999999998642353;	0.999999998788611;	0.999999998920033;	0.999999998952660;	0.999999998947756;	0.999999998956850;	0.999999998925201;	0.999999998871833;	0.999999998801096;	0.999999998701907;	0.999999998597892;	0.999999998537562;	0.999999998464372;	0.999999998368579;	0.999999998274108;	0.999999998194775;	0.999999998126232;	0.999999998015215;	0.999999997894220;	0.999999997767837;	0.999999997640362;	0.999999997555983;	0.999999997480421;	0.999999997420499;	0.999999997392563;	0.999999997302427;	0.999999997289696;	0.999999997316051;	0.999999997261478;	0.999999997113228;	0.999999996818895;	0.999999996415486;	0.999999996051589;	0.999999995564235;	0.999999994604705;	0.999999993043226;	0.999999990746144;	0.999999986326975;	0.999999978614573;	0.999999957090923;	0.999999884232735;	0.999999666476748;	0.999998994038506;	0.999999171608354
0.999998282355009;	0.999999106351003;	0.999998902897660;	0.999997588512813;	0.999998653879326;	0.999998297234788;	0.999999260252228;	0.999999938280187;	0.999999969255892;	0.999999984922694;	0.999999991758718;	0.999999995678868;	0.999999997096520;	0.999999997709653;	0.999999998055350;	0.999999998452552;	0.999999998667947;	0.999999998811360;	0.999999998940216;	0.999999998972150;	0.999999998967258;	0.999999998976120;	0.999999998945010;	0.999999998892579;	0.999999998823089;	0.999999998725669;	0.999999998623510;	0.999999998564246;	0.999999998492369;	0.999999998398290;	0.999999998305500;	0.999999998227584;	0.999999998160259;	0.999999998051221;	0.999999997932385;	0.999999997808255;	0.999999997683050;	0.999999997600165;	0.999999997525933;	0.999999997467053;	0.999999997439584;	0.999999997351022;	0.999999997338469;	0.999999997364303;	0.999999997310656;	0.999999997164998;	0.999999996875860;	0.999999996479591;	0.999999996122118;	0.999999995643372;	0.999999994700837;	0.999999993167021;	0.999999990910616;	0.999999986569699;	0.999999978993769;	0.999999957850860;	0.999999886280862;	0.999999672374667;	0.999999011821332;	0.999999186060795
0.999998315445817;	0.999999123501572;	0.999998923965896;	0.999997634576519;	0.999998679663304;	0.999998329571162;	0.999999274250948;	0.999999939461165;	0.999999969841936;	0.999999985208879;	0.999999991914491;	0.999999995760147;	0.999999997150926;	0.999999997752441;	0.999999998091593;	0.999999998481287;	0.999999998692606;	0.999999998833305;	0.999999998959719;	0.999999998991010;	0.999999998986155;	0.999999998994812;	0.999999998964239;	0.999999998912732;	0.999999998844470;	0.999999998748784;	0.999999998648445;	0.999999998590230;	0.999999998519638;	0.999999998427236;	0.999999998336092;	0.999999998259564;	0.999999998193434;	0.999999998086335;	0.999999997969613;	0.999999997847689;	0.999999997724709;	0.999999997643288;	0.999999997570365;	0.999999997512510;	0.999999997485505;	0.999999997398493;	0.999999997386126;	0.999999997411462;	0.999999997358734;	0.999999997215630;	0.999999996931595;	0.999999996542335;	0.999999996191171;	0.999999995720880;	0.999999994795024;	0.999999993288353;	0.999999991071869;	0.999999986807751;	0.999999979365782;	0.999999958596643;	0.999999888291398;	0.999999678164914;	0.999999029280619;	0.999999200287463
0.999998346959578;	0.999999139855609;	0.999998944051010;	0.999997678580734;	0.999998704263101;	0.999998360535993;	0.999999287674685;	0.999999940588204;	0.999999970402086;	0.999999985482881;	0.999999992063883;	0.999999995838251;	0.999999997203284;	0.999999997793667;	0.999999998126545;	0.999999998509037;	0.999999998716448;	0.999999998854547;	0.999999998978620;	0.999999999009308;	0.999999999004508;	0.999999999012980;	0.999999998982942;	0.999999998932343;	0.999999998865290;	0.999999998771306;	0.999999998672749;	0.999999998615566;	0.999999998546230;	0.999999998455471;	0.999999998365942;	0.999999998290774;	0.999999998225815;	0.999999998120617;	0.999999998005966;	0.999999997886206;	0.999999997765404;	0.999999997685420;	0.999999997613783;	0.999999997556939;	0.999999997530396;	0.999999997444910;	0.999999997432735;	0.999999997457593;	0.999999997405777;	0.999999997265185;	0.999999996986164;	0.999999996603784;	0.999999996258819;	0.999999995796832;	0.999999994887346;	0.999999993407319;	0.999999991230022;	0.999999987041290;	0.999999979730837;	0.999999959328673;	0.999999890265321;	0.999999683850212;	0.999999046424468;	0.999999214291478
0.999998377211267;	0.999999155571868;	0.999998963349382;	0.999997720923715;	0.999998727916143;	0.999998390379987;	0.999999300625174;	0.999999941672160;	0.999999970941387;	0.999999985746994;	0.999999992208051;	0.999999995913726;	0.999999997253933;	0.999999997833580;	0.999999998160404;	0.999999998535948;	0.999999998739588;	0.999999998875177;	0.999999998996994;	0.999999999027110;	0.999999999022377;	0.999999999030681;	0.999999999001170;	0.999999998951466;	0.999999998885600;	0.999999998793284;	0.999999998696476;	0.999999998640304;	0.999999998572198;	0.999999998483050;	0.999999998395107;	0.999999998321271;	0.999999998257461;	0.999999998154127;	0.999999998041509;	0.999999997923869;	0.999999997805205;	0.999999997726634;	0.999999997656259;	0.999999997600411;	0.999999997574326;	0.999999997490342;	0.999999997478363;	0.999999997502762;	0.999999997451849;	0.999999997313730;	0.999999997039635;	0.999999996664011;	0.999999996325135;	0.999999995871305;	0.999999994977892;	0.999999993524024;	0.999999991385203;	0.999999987270491;	0.999999980089185;	0.999999960047409;	0.999999892203762;	0.999999689433733;	0.999999063262354;	0.999999228076724
0.999998406467088;	0.999999170782152;	0.999998982024376;	0.999997761937229;	0.999998750817512;	0.999998419314871;	0.999999313188711;	0.999999942721917;	0.999999971464002;	0.999999986003119;	0.999999992347959;	0.999999995987028;	0.999999997303158;	0.999999997872390;	0.999999998193342;	0.999999998562143;	0.999999998762125;	0.999999998895279;	0.999999999014907;	0.999999999044474;	0.999999999039815;	0.999999999047962;	0.999999999018971;	0.999999998970146;	0.999999998905445;	0.999999998814766;	0.999999998719672;	0.999999998664494;	0.999999998597595;	0.999999998510027;	0.999999998423639;	0.999999998351110;	0.999999998288428;	0.999999998186924;	0.999999998076299;	0.999999997960741;	0.999999997844175;	0.999999997766991;	0.999999997697858;	0.999999997642991;	0.999999997617362;	0.999999997534856;	0.999999997523077;	0.999999997547032;	0.999999997497011;	0.999999997361325;	0.999999997092070;	0.999999996723083;	0.999999996390191;	0.999999995944376;	0.999999995066749;	0.999999993638573;	0.999999991537542;	0.999999987495532;	0.999999980441088;	0.999999960753334;	0.999999894107938;	0.999999694918941;	0.999999079804740;	0.999999241648522
1.000000000000000;	1.000000000000000;	1.000000000000000;	1.000000000000000;	1.000000000000000;	1.000000000000000;	1.000000000000000;	1.000000000000000;	1.000000000000000;	1.000000000000000;	1.000000000000000;	1.000000000000000;	1.000000000000000;	1.000000000000000;	1.000000000000000;	1.000000000000000;	1.000000000000000;	1.000000000000000;	1.000000000000000;	1.000000000000000;	1.000000000000000;	1.000000000000000;	1.000000000000000;	1.000000000000000;	1.000000000000000;	1.000000000000000;	1.000000000000000;	1.000000000000000;	1.000000000000000;	1.000000000000000;	1.000000000000000;	1.000000000000000;	1.000000000000000;	1.000000000000000;	1.000000000000000;	1.000000000000000;	1.000000000000000;	1.000000000000000;	1.000000000000000;	1.000000000000000;	1.000000000000000;	1.000000000000000;	1.000000000000000;	1.000000000000000;	1.000000000000000;	1.000000000000000;	1.000000000000000;	1.000000000000000;	1.000000000000000;	1.000000000000000;	1.000000000000000;	1.000000000000000;	1.000000000000000;	1.000000000000000;	1.000000000000000;	1.000000000000000;	1.000000000000000;	1.000000000000000;	1.000000000000000;	1.000000000000000
